Time,GenerateTime,EvalTime,EvalAvgTime,SelectTime,Attempts,Candidates,EstimatedGain,UtilityScore,NBVTime,Iteration,Progress,Planner,TrajectoryLength,MoveTime,MapUpdateTime,Gain,ClusterTime,NbvMemory
0,728.000000,253.000000,20.500000,0.000000,12,12,3087.000000,3087.000000,982.000000,0,5.191837,0,-1.48859,553.000000,50.000000,0.641596,-1,0
2,773.000000,270.000000,22.083333,0.000000,12,12,1196.000000,1196.000000,1043.000000,1,6.063749,0,-0.956364,553.000000,53.000000,0.871913,-1,0
4,757.000000,271.000000,22.250000,0.000000,12,12,1894.000000,1894.000000,1029.000000,2,7.758221,0,-0.499494,502.000000,55.000000,1.694472,-1,0
6,714.000000,297.000000,24.416667,0.000000,12,12,1875.000000,1875.000000,1011.000000,3,8.728841,0,-0.132707,452.000000,56.000000,0.970620,-1,0
8,685.000000,291.000000,26.090909,0.000000,12,11,1435.000000,1435.000000,978.000000,4,9.715912,0,0.308692,551.000000,65.000000,0.987071,-1,0
10,644.000000,311.000000,25.583333,0.000000,12,12,862.000000,862.000000,956.000000,5,10.768788,0,0.71668,552.000000,54.000000,1.052876,-1,0
11,711.000000,270.000000,24.090909,0.000000,12,11,1215.000000,1215.000000,982.000000,6,11.953273,0,1.22461,553.000000,51.000000,1.184485,-1,0
13,658.000000,288.000000,23.583333,0.000000,12,12,1253.000000,1253.000000,946.000000,7,13.730000,0,1.67312,502.000000,49.000000,1.776728,-1,0
15,699.000000,288.000000,23.500000,0.000000,12,12,1145.000000,1145.000000,987.000000,8,14.766425,0,2.19782,352.000000,61.000000,1.036424,-1,0
17,675.000000,300.000000,24.583333,0.000000,12,12,1373.000000,1373.000000,976.000000,9,16.954432,0,2.69112,552.000000,48.000000,2.188007,-1,0
19,689.000000,295.000000,24.083333,0.000000,12,12,1412.000000,1412.000000,985.000000,10,18.106015,0,3.15124,402.000000,50.000000,1.151583,-1,0
21,658.000000,292.000000,23.750000,0.000000,12,12,1555.000000,1555.000000,951.000000,11,20.178864,0,3.62385,452.000000,52.000000,2.072849,-1,0
22,591.000000,314.000000,25.666667,0.000000,12,12,1317.000000,1317.000000,906.000000,12,22.021396,0,4.00595,402.000000,54.000000,1.842532,-1,0
24,557.000000,296.000000,24.166667,0.000000,12,12,1104.000000,1104.000000,854.000000,13,22.646541,0,4.51275,552.000000,51.000000,0.625145,-1,0
26,581.000000,294.000000,24.000000,0.000000,12,12,962.000000,962.000000,876.000000,14,23.551356,0,5.0969,552.000000,53.000000,0.904815,-1,0
28,540.000000,266.000000,21.750000,0.000000,12,12,1399.000000,1399.000000,806.000000,15,24.686488,0,5.53463,503.000000,51.000000,1.135132,-1,0
29,590.000000,275.000000,22.666667,0.000000,12,12,895.000000,895.000000,866.000000,16,25.459693,0,6.04153,453.000000,54.000000,0.773206,-1,0
31,560.000000,275.000000,22.333333,0.000000,12,12,1436.000000,1436.000000,835.000000,17,26.446764,0,6.64033,402.000000,54.000000,0.987071,-1,0
33,572.000000,269.000000,21.916667,0.000000,12,12,1646.000000,1646.000000,842.000000,18,27.071909,0,6.98385,352.000000,56.000000,0.625145,-1,0
34,569.000000,265.000000,23.636364,0.000000,12,11,1391.000000,1391.000000,835.000000,19,27.565445,0,7.48425,553.000000,54.000000,0.493535,-1,0
36,634.000000,271.000000,22.000000,0.000000,12,12,216.000000,216.000000,906.000000,20,27.598347,0,7.95126,502.000000,55.000000,0.032902,-1,0
38,540.000000,287.000000,23.416667,0.000000,12,12,150.000000,150.000000,827.000000,21,27.614798,0,8.23116,402.000000,56.000000,0.016451,-1,0
40,585.000000,285.000000,23.250000,0.000000,12,12,356.000000,356.000000,871.000000,22,27.647701,0,8.68752,502.000000,62.000000,0.032902,-1,0
41,616.000000,283.000000,23.166667,0.000000,12,12,120.000000,120.000000,900.000000,23,27.664152,0,9.28534,553.000000,60.000000,0.016451,-1,0
43,525.000000,283.000000,23.083333,0.000000,12,12,0.000000,0.000000,808.000000,24,27.664152,0,9.28534,-1,-1,0.000000,-1,0
44,35113.000000,436.000000,20.285714,0.000000,729,12,4983.000000,823.097676,37375.000000,25,28.963795,1,15.3393,1403.000000,66.000000,1.299643,-1,21
83,744.000000,226.000000,18.333333,0.000000,12,12,1545.000000,1545.000000,971.000000,26,29.046051,0,15.5862,353.000000,60.000000,0.082256,-1,21
85,711.000000,204.000000,18.000000,0.000000,12,11,2239.000000,2239.000000,916.000000,27,29.407977,0,16.0761,552.000000,58.000000,0.361926,-1,21
87,781.000000,175.000000,17.000000,0.000000,12,10,1878.000000,1878.000000,956.000000,28,31.990813,0,16.6766,502.000000,58.000000,2.582836,-1,21
89,652.000000,253.000000,20.500000,0.000000,12,12,2382.000000,2382.000000,905.000000,29,37.584215,0,17.2055,502.000000,55.000000,5.593402,-1,21
90,624.000000,301.000000,24.416667,0.000000,12,12,2374.000000,2374.000000,926.000000,30,41.269279,0,17.6627,452.000000,57.000000,3.685065,-1,21
92,615.000000,325.000000,26.666667,0.000000,12,12,1668.000000,1668.000000,940.000000,31,42.881495,0,18.0668,403.000000,58.000000,1.612216,-1,21
94,564.000000,326.000000,26.750000,0.000000,12,12,2338.000000,2338.000000,891.000000,32,45.546587,0,18.5336,502.000000,56.000000,2.665092,-1,21
95,638.000000,282.000000,25.090909,0.000000,12,11,2149.000000,2149.000000,921.000000,33,48.409093,0,18.9315,452.000000,58.000000,2.862506,-1,21
97,561.000000,303.000000,24.666667,0.000000,12,12,2336.000000,2336.000000,865.000000,34,51.501915,0,19.4017,502.000000,58.000000,3.092822,-1,21
99,558.000000,315.000000,25.833333,0.000000,12,12,671.000000,671.000000,874.000000,35,51.682878,0,19.9463,552.000000,60.000000,0.180963,-1,21
101,574.000000,305.000000,25.166667,0.000000,12,12,353.000000,353.000000,880.000000,36,51.962548,0,20.4056,402.000000,63.000000,0.279670,-1,21
103,574.000000,294.000000,24.083333,0.000000,12,12,615.000000,615.000000,868.000000,37,52.686400,0,20.9823,402.000000,62.000000,0.723852,-1,21
104,534.000000,309.000000,25.250000,0.000000,12,12,804.000000,804.000000,844.000000,38,54.150555,0,21.5243,552.000000,63.000000,1.464155,-1,21
106,535.000000,333.000000,27.250000,0.000000,12,12,439.000000,439.000000,869.000000,39,54.676993,0,21.8609,403.000000,63.000000,0.526438,-1,21
108,571.000000,315.000000,25.750000,0.000000,12,12,1254.000000,1254.000000,887.000000,40,55.910832,0,22.1878,452.000000,66.000000,1.233839,-1,21
110,499.000000,344.000000,28.250000,0.000000,12,12,406.000000,406.000000,844.000000,41,56.289209,0,22.7822,502.000000,66.000000,0.378377,-1,21
111,554.000000,290.000000,23.750000,0.000000,12,12,890.000000,890.000000,845.000000,42,56.881451,0,23.1382,403.000000,68.000000,0.592243,-1,21
113,539.000000,240.000000,21.181818,0.000000,12,11,612.000000,612.000000,780.000000,43,57.588852,0,23.4703,502.000000,69.000000,0.707401,-1,21
115,612.000000,269.000000,24.090909,0.000000,12,11,1608.000000,1608.000000,882.000000,44,59.250422,0,23.8718,453.000000,68.000000,1.661569,-1,21
117,568.000000,229.000000,22.300000,0.000000,12,10,1396.000000,1396.000000,798.000000,45,60.040078,0,24.4731,553.000000,71.000000,0.789657,-1,21
119,548.000000,261.000000,21.250000,0.000000,12,12,423.000000,423.000000,809.000000,46,60.336200,0,24.7411,352.000000,72.000000,0.296121,-1,21
121,620.000000,263.000000,21.500000,0.000000,12,12,463.000000,463.000000,884.000000,47,60.796833,0,25.2678,452.000000,72.000000,0.460633,-1,21
123,610.000000,176.000000,21.625000,0.000000,12,8,656.000000,656.000000,787.000000,48,60.944893,0,25.881,552.000000,75.000000,0.148061,-1,21
125,573.000000,258.000000,21.083333,0.000000,12,12,140.000000,140.000000,831.000000,49,61.010698,0,26.2771,402.000000,72.000000,0.065805,-1,21
126,561.000000,271.000000,22.000000,0.000000,12,12,441.000000,441.000000,833.000000,50,61.142308,0,26.7245,402.000000,78.000000,0.131609,-1,21
128,581.000000,262.000000,21.333333,0.000000,12,12,197.000000,197.000000,844.000000,51,61.224563,0,27.0721,402.000000,77.000000,0.082256,-1,21
130,558.000000,263.000000,21.500000,0.000000,12,12,472.000000,472.000000,822.000000,52,61.652294,0,27.5729,502.000000,78.000000,0.427731,-1,21
132,559.000000,281.000000,23.000000,0.000000,12,12,923.000000,923.000000,840.000000,53,62.688719,0,28.0114,452.000000,74.000000,1.036424,-1,21
134,554.000000,278.000000,22.666667,0.000000,12,12,1223.000000,1223.000000,833.000000,54,63.807399,0,28.4959,552.000000,75.000000,1.118680,-1,21
136,557.000000,292.000000,23.916667,0.000000,12,12,725.000000,725.000000,850.000000,55,64.860275,0,28.9344,452.000000,76.000000,1.052876,-1,21
138,567.000000,311.000000,25.416667,0.000000,12,12,642.000000,642.000000,878.000000,56,65.781541,0,29.2813,352.000000,82.000000,0.921266,-1,21
140,507.000000,314.000000,25.666667,0.000000,12,12,1304.000000,1304.000000,822.000000,57,66.998928,0,29.7998,502.000000,77.000000,1.217387,-1,21
142,510.000000,327.000000,26.583333,0.000000,12,12,1437.000000,1437.000000,838.000000,58,68.874363,0,30.331,502.000000,75.000000,1.875435,-1,21
144,538.000000,339.000000,27.750000,0.000000,12,12,485.000000,485.000000,878.000000,59,69.696922,0,30.8411,552.000000,75.000000,0.822559,-1,21
146,554.000000,331.000000,27.000000,0.000000,12,12,444.000000,444.000000,886.000000,60,70.568835,0,31.3195,502.000000,80.000000,0.871913,-1,21
147,604.000000,318.000000,25.916667,0.000000,12,12,796.000000,796.000000,922.000000,61,72.345563,0,31.7323,352.000000,78.000000,1.776728,-1,21
171,590.000000,317.000000,26.083333,0.000000,12,12,681.000000,681.000000,908.000000,62,74.319705,0,32.1636,502.000000,76.000000,1.974142,-1,21
173,562.000000,320.000000,26.000000,0.000000,12,12,646.000000,646.000000,883.000000,63,76.425456,0,32.5937,502.000000,76.000000,2.105751,-1,21
175,560.000000,336.000000,27.416667,0.000000,12,12,762.000000,762.000000,897.000000,64,77.741550,0,33.1508,552.000000,75.000000,1.316095,-1,21
177,510.000000,345.000000,28.500000,0.000000,12,12,1002.000000,1002.000000,857.000000,65,80.011814,0,33.5981,452.000000,78.000000,2.270263,-1,21
179,553.000000,333.000000,29.818182,0.000000,12,11,546.000000,546.000000,887.000000,66,80.834373,0,34.1708,552.000000,76.000000,0.822559,-1,21
181,538.000000,351.000000,28.833333,0.000000,12,12,146.000000,146.000000,891.000000,67,81.278555,0,34.5194,352.000000,76.000000,0.444182,-1,21
183,548.000000,332.000000,27.250000,0.000000,12,12,312.000000,312.000000,881.000000,68,82.199821,0,34.8297,404.000000,76.000000,0.921266,-1,21
184,538.000000,319.000000,26.000000,0.000000,12,12,635.000000,635.000000,858.000000,69,83.252696,0,35.2699,502.000000,77.000000,1.052876,-1,21
186,507.000000,323.000000,26.416667,0.000000,12,12,1381.000000,1381.000000,832.000000,70,84.634596,0,35.8101,552.000000,77.000000,1.381899,-1,21
188,495.000000,310.000000,25.416667,0.000000,12,12,1067.000000,1067.000000,805.000000,71,86.082300,0,36.2753,403.000000,76.000000,1.447704,-1,21
190,525.000000,326.000000,26.750000,0.000000,12,12,786.000000,786.000000,852.000000,72,86.987115,0,36.7611,402.000000,85.000000,0.904815,-1,21
192,548.000000,327.000000,26.750000,0.000000,12,12,745.000000,745.000000,875.000000,73,87.431297,0,37.2146,502.000000,77.000000,0.444182,-1,21
194,520.000000,317.000000,25.916667,0.000000,12,12,418.000000,418.000000,838.000000,74,87.530004,0,37.688,503.000000,78.000000,0.098707,-1,21
196,526.000000,336.000000,27.416667,0.000000,12,12,0.000000,0.000000,863.000000,75,87.530004,0,37.688,-1,-1,0.000000,-1,21
196,-1,492.000000,96.000000,0.000000,-1,3,624.000000,101.976068,963.000000,76,87.562906,1,43.8071,1603.000000,81.000000,0.032902,-1,5
200,552.000000,248.000000,20.250000,0.000000,12,12,0.000000,0.000000,800.000000,77,87.562906,0,43.8071,-1,-1,0.000000,-1,5
