Time,GenerateTime,EvalTime,EvalAvgTime,SelectTime,Attempts,Candidates,EstimatedGain,UtilityScore,NBVTime,Iteration,Progress,Planner,TrajectoryLength,MoveTime,MapUpdateTime,Gain,ClusterTime,NbvMemory
0,1888.000000,203.000000,19.800000,0.000000,39,10,5000.000000,5000.000000,2092.000000,0,10.382293,1,3.7494,1603.000000,117.000000,1.992770,-1,0
4,3038.000000,215.000000,21.000000,0.000000,51,10,5000.000000,5000.000000,3253.000000,1,11.274295,1,9.94386,1703.000000,115.000000,0.892002,-1,0
9,3212.000000,171.000000,16.600000,0.000000,60,10,5000.000000,5000.000000,3384.000000,2,14.197024,1,17.3391,2452.000000,102.000000,2.922729,-1,0
15,3681.000000,179.000000,17.300000,0.000000,63,10,5000.000000,5000.000000,3861.000000,3,24.673300,1,24.5837,1602.000000,111.000000,10.476276,-1,0
43,4090.000000,176.000000,17.200000,0.000000,81,10,5000.000000,5000.000000,4268.000000,4,29.038415,1,40.6972,3251.000000,112.000000,4.365115,-1,0
73,2746.000000,189.000000,18.300000,0.000000,48,10,5000.000000,5000.000000,2935.000000,5,34.276552,1,45.1216,1402.000000,107.000000,5.238138,-1,0
78,4729.000000,181.000000,17.500000,0.000000,77,10,5000.000000,5000.000000,4911.000000,6,38.034347,1,58.286,3452.000000,107.000000,3.757795,-1,0
87,2707.000000,200.000000,19.500000,0.000000,56,10,4248.000000,4248.000000,2908.000000,7,42.057844,1,65.1761,1502.000000,108.000000,4.023497,-1,0
91,3685.000000,201.000000,19.600000,0.000000,51,10,4992.000000,4992.000000,3886.000000,8,49.155901,1,82.2034,3403.000000,109.000000,7.098056,-1,0
99,2436.000000,210.000000,20.600000,0.000000,37,10,4357.000000,4357.000000,2647.000000,9,50.351563,1,86.9301,1652.000000,110.000000,1.195662,-1,0
104,5171.000000,194.000000,18.900000,0.000000,70,10,4283.000000,4283.000000,5366.000000,10,50.446456,1,94.7424,1951.000000,110.000000,0.094894,-1,0
111,4397.000000,222.000000,21.600000,0.000000,75,10,4897.000000,4897.000000,4620.000000,11,54.488932,1,99.3114,1353.000000,112.000000,4.042476,-1,0
118,2590.000000,206.000000,20.300000,0.000000,48,10,5000.000000,5000.000000,2796.000000,12,57.089023,1,117.01,3302.000000,113.000000,2.600090,-1,0
124,2357.000000,211.000000,20.700000,0.000000,49,10,4951.000000,4951.000000,2569.000000,13,60.846817,1,122.901,1303.000000,112.000000,3.757795,-1,0
129,6089.000000,220.000000,21.600000,0.000000,86,10,3498.000000,3498.000000,6310.000000,14,62.327160,1,134.007,3301.000000,113.000000,1.480343,-1,0
139,4544.000000,225.000000,22.100000,0.000000,81,10,3143.000000,3143.000000,4770.000000,15,65.895167,1,143.577,2403.000000,117.000000,3.568007,-1,0
146,4449.000000,223.000000,21.700000,0.000000,54,10,2061.000000,2061.000000,4673.000000,16,67.242659,1,159.18,3453.000000,120.000000,1.347492,-1,0
155,4664.000000,210.000000,20.500000,0.000000,67,10,4760.000000,4760.000000,4875.000000,17,69.273387,1,165.422,1302.000000,116.000000,2.030727,-1,0
162,3091.000000,210.000000,20.400000,0.000000,36,10,4029.000000,4029.000000,3303.000000,18,69.615004,1,182.199,3452.000000,117.000000,0.341618,-1,0
169,5645.000000,196.000000,19.200000,0.000000,72,10,4022.000000,4022.000000,5842.000000,19,71.209220,1,186.381,1202.000000,118.000000,1.594216,-1,0
176,4822.000000,223.000000,21.700000,0.000000,73,10,3583.000000,3583.000000,5045.000000,20,71.266157,1,202.275,3452.000000,118.000000,0.056936,-1,0
185,3833.000000,223.000000,21.900000,0.000000,51,10,2730.000000,2730.000000,4057.000000,21,72.746500,1,212.4,2952.000000,118.000000,1.480343,-1,0
193,4417.000000,230.000000,22.300000,0.000000,58,10,2031.000000,2031.000000,4647.000000,22,77.244466,1,229.485,3802.000000,125.000000,4.497966,-1,0
202,5898.000000,199.000000,19.500000,0.000000,69,10,3124.000000,3124.000000,6098.000000,23,79.161321,1,250.109,3952.000000,116.000000,1.916855,-1,0
212,5943.000000,205.000000,20.000000,0.000000,74,10,2410.000000,2410.000000,6149.000000,24,79.446002,1,274.304,4802.000000,124.000000,0.284681,-1,0
224,5446.000000,232.000000,22.500000,0.000000,54,10,2513.000000,2513.000000,5679.000000,25,79.882514,1,281.438,1903.000000,123.000000,0.436511,-1,0
232,5915.000000,227.000000,22.100000,0.000000,68,10,2533.000000,2533.000000,6143.000000,26,81.533666,1,330.419,9502.000000,122.000000,1.651152,-1,0
248,7015.000000,251.000000,24.600000,0.000000,70,10,2191.000000,2191.000000,7266.000000,27,83.298691,1,341.282,4602.000000,128.000000,1.765025,-1,0
260,7479.000000,226.000000,22.200000,0.000000,82,10,2337.000000,2337.000000,7705.000000,28,85.652057,1,347.536,1453.000000,124.000000,2.353366,-1,0
270,6742.000000,215.000000,21.000000,0.000000,81,10,1088.000000,1088.000000,6957.000000,29,86.430186,1,351.716,1502.000000,123.000000,0.778129,-1,0
279,4678.000000,228.000000,22.400000,0.000000,59,10,694.000000,694.000000,4907.000000,30,87.113422,1,389.309,7503.000000,131.000000,0.683235,-1,0
292,8278.000000,196.000000,19.100000,0.000000,90,10,1572.000000,1572.000000,8475.000000,31,87.132400,1,402.695,3452.000000,129.000000,0.018979,-1,0
305,1988.000000,225.000000,22.000000,0.000000,27,10,2824.000000,2824.000000,2213.000000,32,88.707638,1,417.729,4252.000000,120.000000,1.575237,-1,0
312,3895.000000,239.000000,23.300000,0.000000,47,10,655.000000,655.000000,4135.000000,33,88.897425,1,462.365,10002.000000,132.000000,0.189788,-1,0
326,4883.000000,245.000000,24.000000,0.000000,52,10,777.000000,777.000000,5129.000000,34,89.409852,1,477.639,3802.000000,133.000000,0.512427,-1,0
336,3808.000000,230.000000,22.600000,0.000000,45,10,188.000000,188.000000,4039.000000,35,89.504745,1,491.734,3603.000000,132.000000,0.094894,-1,0
344,3919.000000,233.000000,22.900000,0.000000,46,10,412.000000,412.000000,4153.000000,36,89.561682,1,497.115,1502.000000,137.000000,0.056936,-1,0
351,5135.000000,225.000000,21.800000,0.000000,65,10,232.000000,232.000000,5360.000000,37,89.599639,1,528.166,5753.000000,134.000000,0.037958,-1,0
362,3673.000000,200.000000,19.700000,0.000000,40,10,949.000000,949.000000,3874.000000,38,90.301853,1,545.284,3652.000000,133.000000,0.702214,-1,0
371,1764.000000,204.000000,19.800000,0.000000,17,10,413.000000,413.000000,1969.000000,39,90.358790,1,550.658,1602.000000,136.000000,0.056936,-1,0
375,3489.000000,215.000000,21.100000,0.000000,43,10,291.000000,291.000000,3705.000000,40,90.928152,1,572.623,4853.000000,135.000000,0.569363,-1,0
384,3785.000000,243.000000,23.800000,0.000000,46,10,451.000000,451.000000,4029.000000,41,90.985089,1,592.136,3652.000000,127.000000,0.056936,-1,0
392,4950.000000,254.000000,25.000000,0.000000,52,10,123.000000,123.000000,5205.000000,42,91.117940,1,625.082,8452.000000,138.000000,0.132851,-1,0
407,5224.000000,254.000000,24.800000,0.000000,54,10,278.000000,278.000000,5479.000000,43,91.136919,1,647.554,5352.000000,144.000000,0.018979,-1,0
418,4663.000000,227.000000,22.300000,0.000000,61,10,164.000000,164.000000,4891.000000,44,91.155898,1,651.603,1103.000000,142.000000,0.018979,-1,0
425,5475.000000,197.000000,19.300000,0.000000,68,10,197.000000,197.000000,5673.000000,45,91.193855,1,657,1602.000000,141.000000,0.037958,-1,0
433,5923.000000,230.000000,22.400000,0.000000,69,10,146.000000,146.000000,6153.000000,46,91.250791,1,672.117,3302.000000,140.000000,0.056936,-1,0
443,4667.000000,196.000000,19.100000,0.000000,60,10,0.000000,0.000000,4864.000000,47,91.250791,1,672.117,-1,-1,0.000000,-1,0
448,3719.000000,191.000000,18.600000,0.000000,43,10,177.000000,177.000000,3911.000000,48,91.288749,1,685.823,3352.000000,136.000000,0.037958,-1,0
456,4035.000000,212.000000,20.700000,0.000000,41,10,86.000000,86.000000,4247.000000,49,91.288749,1,693.299,1852.000000,138.000000,0.000000,-1,0
463,3172.000000,227.000000,22.200000,0.000000,43,10,2979.000000,2979.000000,3399.000000,50,91.801175,1,700.872,1802.000000,145.000000,0.512427,-1,0
469,4272.000000,220.000000,21.400000,0.000000,50,10,0.000000,0.000000,4492.000000,51,91.801175,1,700.872,-1,-1,0.000000,-1,0
473,1829.000000,193.000000,19.000000,0.000000,24,10,0.000000,0.000000,2023.000000,52,91.801175,1,700.872,-1,-1,0.000000,-1,0
475,5063.000000,222.000000,21.800000,0.000000,56,10,0.000000,0.000000,5286.000000,53,91.801175,1,700.872,-1,-1,0.000000,-1,0
481,7998.000000,184.000000,17.900000,0.000000,84,10,0.000000,0.000000,8182.000000,54,91.801175,1,700.872,-1,-1,0.000000,-1,0
489,3206.000000,201.000000,19.600000,0.000000,38,10,56.000000,56.000000,3408.000000,55,91.801175,1,717.016,3152.000000,141.000000,0.000000,-1,0
496,3853.000000,222.000000,21.600000,0.000000,49,10,50.000000,50.000000,4075.000000,56,91.934027,1,754.17,7053.000000,141.000000,0.132851,-1,0
508,7267.000000,207.000000,20.100000,0.000000,82,10,83.000000,83.000000,7475.000000,57,91.971984,1,801.642,9152.000000,146.000000,0.037958,-1,0
525,4633.000000,205.000000,20.000000,0.000000,49,10,0.000000,0.000000,4839.000000,58,91.971984,1,801.642,-1,-1,0.000000,-1,0
530,1905.000000,210.000000,20.500000,0.000000,28,10,3075.000000,3075.000000,2116.000000,59,92.408496,1,812.043,2502.000000,146.000000,0.436511,-1,0
