Time,GenerateTime,EvalTime,EvalAvgTime,SelectTime,Attempts,Candidates,EstimatedGain,UtilityScore,NBVTime,Iteration,Progress,Planner,TrajectoryLength,MoveTime,MapUpdateTime,Gain,ClusterTime,NbvMemory
0,4089.000000,216.000000,21.200000,0.000000,69,10,5000.000000,767.267265,4306.000000,0,19.131502,1,4.51663,1354.000000,112.000000,10.741978,-1,0
6,4185.000000,218.000000,21.100000,0.000000,71,10,4941.000000,442.210298,4403.000000,1,21.314059,1,15.6901,2953.000000,106.000000,2.182557,-1,0
14,4613.000000,213.000000,20.800000,0.000000,69,10,3596.000000,1529.641220,4827.000000,2,24.616363,1,18.0409,1002.000000,107.000000,3.302304,-1,0
20,3998.000000,174.000000,17.000000,0.000000,63,10,4766.000000,1314.599459,4173.000000,3,25.052875,1,21.6664,1153.000000,106.000000,0.436511,-1,0
25,3129.000000,191.000000,18.700000,0.000000,57,10,4672.000000,1073.062563,3320.000000,4,30.082246,1,26.0203,1752.000000,111.000000,5.029372,-1,0
31,4907.000000,224.000000,21.900000,0.000000,79,10,4884.000000,850.589154,5132.000000,5,34.883873,1,31.7622,1552.000000,111.000000,4.801626,-1,0
38,4629.000000,205.000000,19.900000,0.000000,82,10,5000.000000,843.688582,4834.000000,6,41.545418,1,37.6885,1452.000000,116.000000,6.661545,-1,0
45,5813.000000,191.000000,18.600000,0.000000,92,10,2967.000000,996.330509,6004.000000,7,47.979217,1,40.6664,851.000000,114.000000,6.433800,-1,0
52,7699.000000,226.000000,22.100000,0.000000,125,10,4860.000000,731.514984,7926.000000,8,51.072755,1,47.3102,1802.000000,116.000000,3.093538,-1,0
62,4269.000000,219.000000,21.400000,0.000000,75,10,3048.000000,666.309817,4489.000000,9,55.248083,1,51.8846,1653.000000,116.000000,4.175327,-1,0
69,5243.000000,262.000000,25.800000,0.000000,77,10,3492.000000,624.128006,5506.000000,10,58.094897,1,57.4796,1402.000000,114.000000,2.846814,-1,0
76,3499.000000,219.000000,21.500000,0.000000,52,10,2750.000000,825.590248,3719.000000,11,58.512430,1,60.8106,1453.000000,121.000000,0.417533,-1,0
82,2340.000000,228.000000,22.200000,0.000000,42,10,2879.000000,723.928354,2569.000000,12,63.181205,1,64.7875,1203.000000,128.000000,4.668775,-1,0
86,2676.000000,236.000000,23.000000,0.000000,33,10,1098.000000,201.952494,2913.000000,13,63.238141,1,70.2244,1502.000000,121.000000,0.056936,-1,0
91,2864.000000,252.000000,24.700000,0.000000,59,10,1051.000000,198.362659,3117.000000,14,64.168100,1,75.5228,1503.000000,123.000000,0.929959,-1,0
96,2655.000000,205.000000,20.100000,0.000000,35,10,1400.000000,325.642917,2861.000000,15,66.578403,1,79.822,1852.000000,125.000000,2.410303,-1,0
101,2721.000000,194.000000,18.800000,0.000000,34,10,209.000000,56.385729,2916.000000,16,66.995936,1,83.5286,1103.000000,124.000000,0.417533,-1,0
106,4113.000000,218.000000,21.400000,0.000000,54,10,2931.000000,453.464434,4332.000000,17,69.539089,1,89.9922,1352.000000,130.000000,2.543154,-1,0
112,2962.000000,248.000000,24.400000,0.000000,43,10,2409.000000,429.899843,3210.000000,18,71.019433,1,95.5958,1802.000000,126.000000,1.480343,-1,0
117,2319.000000,229.000000,22.600000,0.000000,35,10,2579.000000,406.156969,2549.000000,19,74.397652,1,101.946,1702.000000,131.000000,3.378219,-1,0
122,2590.000000,241.000000,23.600000,0.000000,46,10,885.000000,182.711297,2832.000000,20,76.409401,1,106.789,1452.000000,135.000000,2.011749,-1,0
127,3832.000000,238.000000,23.300000,0.000000,56,10,1776.000000,322.438674,4070.000000,21,78.497064,1,112.297,1602.000000,129.000000,2.087664,-1,0
133,3648.000000,255.000000,25.000000,0.000000,48,10,1339.000000,208.755765,3904.000000,22,78.933576,1,118.712,1802.000000,132.000000,0.436511,-1,0
140,6915.000000,226.000000,22.100000,0.000000,84,10,767.000000,135.660447,7143.000000,23,80.205153,1,124.365,1503.000000,134.000000,1.271577,-1,0
149,2184.000000,210.000000,20.600000,0.000000,35,10,2897.000000,460.719456,2395.000000,24,82.103029,1,130.653,1502.000000,136.000000,1.897876,-1,0
154,2634.000000,257.000000,25.100000,0.000000,33,10,1127.000000,166.244004,2891.000000,25,82.482604,1,137.433,1403.000000,137.000000,0.379575,-1,0
159,4167.000000,243.000000,24.000000,0.000000,50,10,537.000000,55.445127,4411.000000,26,82.786264,1,147.118,2302.000000,142.000000,0.303660,-1,0
166,4217.000000,257.000000,25.200000,0.000000,54,10,480.000000,40.728182,4476.000000,27,83.678266,1,158.903,2902.000000,142.000000,0.892002,-1,0
174,2979.000000,216.000000,21.300000,0.000000,49,10,1629.000000,150.555609,3196.000000,28,84.095799,1,169.723,2903.000000,144.000000,0.417533,-1,0
181,2674.000000,225.000000,22.200000,0.000000,36,10,309.000000,51.660006,2900.000000,29,84.152735,1,175.705,1502.000000,144.000000,0.056936,-1,0
186,3382.000000,197.000000,19.200000,0.000000,55,10,759.000000,206.811857,3580.000000,30,84.304565,1,179.375,1203.000000,147.000000,0.151830,-1,0
192,2345.000000,215.000000,21.100000,0.000000,36,10,1461.000000,250.539364,2561.000000,31,86.600995,1,185.206,1402.000000,145.000000,2.296430,-1,0
196,4065.000000,237.000000,23.100000,0.000000,46,10,748.000000,79.847661,4303.000000,32,87.170358,1,194.574,2653.000000,151.000000,0.569363,-1,0
204,2572.000000,217.000000,21.300000,0.000000,29,10,3203.000000,172.021220,2790.000000,33,89.656576,1,213.194,2853.000000,145.000000,2.486218,-1,0
210,2796.000000,225.000000,22.000000,0.000000,37,10,673.000000,99.542097,3022.000000,34,90.112066,1,219.955,2203.000000,146.000000,0.455490,-1,0
216,6277.000000,219.000000,21.300000,0.000000,71,10,157.000000,22.625276,6497.000000,35,90.131045,1,226.894,1603.000000,150.000000,0.018979,-1,0
225,4254.000000,237.000000,23.400000,0.000000,52,10,93.000000,30.251245,4492.000000,36,90.150023,1,229.968,1153.000000,150.000000,0.018979,-1,0
231,6272.000000,207.000000,20.300000,0.000000,71,10,241.000000,38.752062,6480.000000,37,90.150023,1,236.187,1602.000000,148.000000,0.000000,-1,0
240,3089.000000,225.000000,21.900000,0.000000,36,10,284.000000,38.678125,3315.000000,38,90.415726,1,243.53,2003.000000,153.000000,0.265703,-1,0
246,5477.000000,204.000000,20.000000,0.000000,62,10,94.000000,3.634654,5682.000000,39,90.624492,1,269.392,5102.000000,150.000000,0.208766,-1,0
258,5352.000000,229.000000,22.400000,0.000000,68,10,96.000000,14.986142,5582.000000,40,90.681429,1,275.798,1602.000000,150.000000,0.056936,-1,0
266,6338.000000,210.000000,20.500000,0.000000,66,10,77.000000,6.799177,6549.000000,41,91.023046,1,287.123,2552.000000,152.000000,0.341618,-1,0
275,4066.000000,210.000000,20.700000,0.000000,43,10,162.000000,34.051685,4277.000000,42,91.136919,1,291.88,1153.000000,152.000000,0.113873,-1,0
282,1601.000000,232.000000,22.800000,0.000000,22,10,0.000000,0.000000,1834.000000,43,91.136919,1,291.88,-1,-1,0.000000,-1,0
283,3235.000000,212.000000,20.700000,0.000000,41,10,3083.000000,195.301179,3448.000000,44,91.687303,1,307.666,3153.000000,152.000000,0.550384,-1,0
291,3958.000000,236.000000,23.000000,0.000000,45,10,0.000000,0.000000,4195.000000,45,91.687303,1,307.666,-1,-1,0.000000,-1,0
295,2529.000000,220.000000,21.500000,0.000000,36,10,45.000000,9.175062,2750.000000,46,92.066878,1,312.571,1302.000000,151.000000,0.379575,-1,0
