Time,GenerateTime,EvalTime,EvalAvgTime,SelectTime,Attempts,Candidates,EstimatedGain,UtilityScore,NBVTime,Iteration,Progress,Planner,TrajectoryLength,MoveTime,MapUpdateTime,Gain,ClusterTime,NbvMemory
0,3935.000000,215.000000,21.000000,0.000000,72,10,5000.000000,986.207017,4151.000000,0,13.324001,1,3.06993,1454.000000,116.000000,4.934478,-1,0
6,4873.000000,249.000000,24.500000,0.000000,91,10,5000.000000,1311.714763,5123.000000,1,15.829197,1,6.88173,1052.000000,107.000000,2.505196,-1,0
12,2455.000000,194.000000,19.000000,0.000000,53,10,3155.000000,1995.907907,2650.000000,2,16.246730,1,8.46247,752.000000,101.000000,0.417533,-1,0
16,2767.000000,191.000000,18.700000,0.000000,41,10,4918.000000,1150.935893,2958.000000,3,20.934484,1,12.7355,1253.000000,106.000000,4.687754,-1,0
21,3846.000000,217.000000,21.100000,0.000000,54,10,2934.000000,1467.125611,4063.000000,4,24.920024,1,14.7353,902.000000,103.000000,3.985540,-1,0
26,2127.000000,206.000000,20.100000,0.000000,42,10,4999.000000,1420.228222,2334.000000,5,31.410760,1,18.2552,1602.000000,106.000000,6.490736,-1,0
30,3532.000000,190.000000,18.400000,0.000000,57,10,4995.000000,1189.880536,3723.000000,6,36.155450,1,22.4531,1002.000000,107.000000,4.744690,-1,0
35,4873.000000,200.000000,19.400000,0.000000,67,10,5000.000000,1177.070950,5074.000000,7,47.751472,1,26.7009,1052.000000,107.000000,11.596023,-1,0
42,4055.000000,214.000000,20.800000,0.000000,65,10,3202.000000,1044.538336,4269.000000,8,55.437870,1,29.7664,1052.000000,112.000000,7.686398,-1,0
47,5386.000000,216.000000,21.000000,0.000000,85,10,4033.000000,575.252623,5603.000000,9,55.855403,1,36.7772,1502.000000,114.000000,0.417533,-1,0
55,4092.000000,227.000000,22.100000,0.000000,54,10,4713.000000,1331.112433,4319.000000,10,57.886130,1,40.3179,1253.000000,117.000000,2.030727,-1,0
61,7980.000000,207.000000,20.200000,0.000000,108,10,3828.000000,713.102156,8189.000000,11,59.575240,1,45.686,1552.000000,122.000000,1.689110,-1,0
71,5098.000000,220.000000,21.600000,0.000000,77,10,5000.000000,882.782900,5319.000000,12,61.662904,1,51.3499,1252.000000,116.000000,2.087664,-1,0
78,4342.000000,213.000000,20.800000,0.000000,70,10,3440.000000,605.285018,4556.000000,13,65.079081,1,57.0332,1703.000000,118.000000,3.416177,-1,0
85,3758.000000,209.000000,20.500000,0.000000,55,10,2250.000000,371.759371,3968.000000,14,65.553550,1,63.0855,1952.000000,120.000000,0.474469,-1,0
91,1878.000000,230.000000,22.500000,0.000000,33,10,2198.000000,821.086195,2109.000000,15,67.944874,1,65.7624,1002.000000,124.000000,2.391324,-1,0
95,2418.000000,251.000000,24.500000,0.000000,43,10,3500.000000,771.035521,2669.000000,16,70.355176,1,70.3017,1102.000000,124.000000,2.410303,-1,0
99,3482.000000,247.000000,24.000000,0.000000,48,10,3306.000000,148.048136,3729.000000,17,71.683689,1,92.6323,5252.000000,123.000000,1.328513,-1,0
109,7227.000000,227.000000,22.200000,0.000000,95,10,817.000000,207.460763,7455.000000,18,72.120201,1,96.5704,1252.000000,127.000000,0.436511,-1,0
118,2862.000000,210.000000,20.500000,0.000000,48,10,3808.000000,696.319025,3073.000000,19,72.347946,1,102.039,1452.000000,130.000000,0.227745,-1,0
123,3285.000000,233.000000,22.700000,0.000000,46,10,1694.000000,360.804238,3519.000000,20,74.720291,1,106.734,1102.000000,128.000000,2.372345,-1,0
128,6553.000000,217.000000,21.400000,0.000000,94,10,1899.000000,282.252591,6770.000000,21,77.130594,1,113.462,1852.000000,127.000000,2.410303,-1,0
138,11674.000000,226.000000,22.000000,0.000000,149,10,2027.000000,363.974014,11901.000000,22,78.914597,1,119.031,2052.000000,138.000000,1.784003,-1,0
152,4491.000000,203.000000,20.000000,0.000000,64,10,2861.000000,314.686450,4695.000000,23,80.660643,1,128.123,2752.000000,130.000000,1.746046,-1,0
160,6973.000000,221.000000,21.600000,0.000000,88,10,1685.000000,317.504503,7195.000000,24,81.324900,1,133.43,1402.000000,136.000000,0.664257,-1,0
169,4829.000000,246.000000,24.200000,0.000000,63,10,1559.000000,332.814170,5076.000000,25,82.254859,1,138.114,1652.000000,140.000000,0.929959,-1,0
177,3684.000000,241.000000,23.600000,0.000000,46,10,417.000000,23.130379,3926.000000,26,83.412563,1,156.142,3902.000000,138.000000,1.157704,-1,0
185,10007.000000,232.000000,22.800000,0.000000,123,10,332.000000,24.278613,10239.000000,27,83.887032,1,169.817,3652.000000,141.000000,0.474469,-1,0
200,8542.000000,236.000000,23.000000,0.000000,112,10,325.000000,171.884166,8778.000000,28,84.152735,1,171.708,852.000000,138.000000,0.265703,-1,0
210,10904.000000,230.000000,22.500000,0.000000,157,10,774.000000,197.007733,11135.000000,29,84.703119,1,175.637,1202.000000,139.000000,0.550384,-1,0
223,3651.000000,243.000000,23.700000,0.000000,51,10,823.000000,185.620971,3895.000000,30,84.741077,1,180.07,1052.000000,139.000000,0.037958,-1,0
229,4004.000000,219.000000,21.400000,0.000000,61,10,184.000000,37.594456,4223.000000,31,84.835970,1,184.965,1402.000000,143.000000,0.094894,-1,0
235,5004.000000,238.000000,23.300000,0.000000,77,10,335.000000,74.015391,5243.000000,32,84.873928,1,189.491,1852.000000,142.000000,0.037958,-1,0
243,10569.000000,207.000000,20.300000,0.000000,115,10,411.000000,75.615945,10777.000000,33,85.443291,1,194.926,1352.000000,135.000000,0.569363,-1,0
256,6534.000000,227.000000,22.100000,0.000000,74,10,250.000000,66.725384,6762.000000,34,85.652057,1,198.673,1702.000000,140.000000,0.208766,-1,0
265,3110.000000,219.000000,21.500000,0.000000,42,10,187.000000,48.539087,3330.000000,35,85.727972,1,202.525,1203.000000,129.000000,0.075915,-1,0
270,5569.000000,248.000000,24.300000,0.000000,79,10,297.000000,39.263250,5818.000000,36,86.012654,1,210.09,1852.000000,133.000000,0.284681,-1,0
278,3924.000000,248.000000,24.400000,0.000000,49,10,60.000000,16.076651,4173.000000,37,86.031632,1,213.822,1102.000000,142.000000,0.018979,-1,0
284,3644.000000,231.000000,22.500000,0.000000,50,10,0.000000,0.000000,3876.000000,38,86.031632,1,213.822,-1,-1,0.000000,-1,0
288,5576.000000,247.000000,24.000000,0.000000,71,10,0.000000,0.000000,5824.000000,39,86.031632,1,213.822,-1,-1,0.000000,-1,0
294,3234.000000,222.000000,21.700000,0.000000,37,10,70.000000,3.988398,3457.000000,40,86.126526,1,231.373,4053.000000,141.000000,0.094894,-1,0
302,5315.000000,230.000000,22.500000,0.000000,62,10,158.000000,33.876883,5545.000000,41,86.544059,1,236.037,1352.000000,145.000000,0.417533,-1,0
310,6413.000000,234.000000,22.800000,0.000000,89,10,0.000000,0.000000,6648.000000,42,86.544059,1,236.037,-1,-1,0.000000,-1,0
316,5418.000000,215.000000,21.000000,0.000000,70,10,0.000000,0.000000,5634.000000,43,86.544059,1,236.037,-1,-1,0.000000,-1,0
322,6856.000000,198.000000,19.400000,0.000000,92,10,262.000000,18.094914,7055.000000,44,86.809761,1,250.516,3552.000000,141.000000,0.265703,-1,0
333,5667.000000,207.000000,20.000000,0.000000,66,10,0.000000,0.000000,5875.000000,45,86.809761,1,250.516,-1,-1,0.000000,-1,0
339,6839.000000,224.000000,21.800000,0.000000,87,10,649.000000,52.309402,7063.000000,46,87.265252,1,262.923,3403.000000,143.000000,0.455490,-1,0
350,6439.000000,248.000000,24.300000,0.000000,76,10,108.000000,10.443192,6688.000000,47,87.417082,1,273.265,2802.000000,142.000000,0.151830,-1,0
360,6943.000000,230.000000,22.500000,0.000000,96,10,0.000000,0.000000,7173.000000,48,87.417082,1,273.265,-1,-1,0.000000,-1,0
368,4901.000000,234.000000,22.900000,0.000000,58,10,0.000000,0.000000,5136.000000,49,87.417082,1,273.265,-1,-1,0.000000,-1,0
373,5197.000000,218.000000,21.200000,0.000000,60,10,0.000000,0.000000,5416.000000,50,87.417082,1,273.265,-1,-1,0.000000,-1,0
378,7052.000000,225.000000,21.900000,0.000000,94,10,144.000000,12.806949,7277.000000,51,87.720742,1,284.508,2852.000000,142.000000,0.303660,-1,0
389,5212.000000,254.000000,25.000000,0.000000,79,10,0.000000,0.000000,5467.000000,52,87.720742,1,284.508,-1,-1,0.000000,-1,0
395,6157.000000,257.000000,25.200000,0.000000,77,10,1923.000000,63.346430,6415.000000,53,89.068234,1,314.865,5952.000000,144.000000,1.347492,-1,0
408,5034.000000,240.000000,23.500000,0.000000,57,10,0.000000,0.000000,5275.000000,54,89.068234,1,314.865,-1,-1,0.000000,-1,0
413,7052.000000,231.000000,22.600000,0.000000,85,10,203.000000,17.695578,7284.000000,55,89.770448,1,326.337,3453.000000,161.000000,0.702214,-1,0
424,3851.000000,244.000000,24.000000,0.000000,39,10,154.000000,12.322816,4096.000000,56,90.282875,1,338.834,3103.000000,152.000000,0.512427,-1,0
432,2476.000000,248.000000,24.200000,0.000000,34,10,0.000000,0.000000,2725.000000,57,90.282875,1,338.834,-1,-1,0.000000,-1,0
435,1869.000000,197.000000,19.300000,0.000000,20,10,0.000000,0.000000,2066.000000,58,90.282875,1,338.834,-1,-1,0.000000,-1,0
437,2096.000000,201.000000,19.400000,0.000000,29,10,317.000000,15.927808,2297.000000,59,90.434705,1,358.737,3802.000000,141.000000,0.151830,-1,0
444,5468.000000,231.000000,22.800000,0.000000,89,10,76.000000,4.987323,5700.000000,60,90.605514,1,373.975,3902.000000,143.000000,0.170809,-1,0
454,3737.000000,216.000000,21.200000,0.000000,44,10,0.000000,0.000000,3954.000000,61,90.605514,1,373.975,-1,-1,0.000000,-1,0
458,2393.000000,231.000000,22.600000,0.000000,25,10,0.000000,0.000000,2624.000000,62,90.605514,1,373.975,-1,-1,0.000000,-1,0
461,2177.000000,232.000000,22.700000,0.000000,28,10,0.000000,0.000000,2409.000000,63,90.605514,1,373.975,-1,-1,0.000000,-1,0
463,6238.000000,196.000000,19.100000,0.000000,72,10,0.000000,0.000000,6435.000000,64,90.605514,1,373.975,-1,-1,0.000000,-1,0
470,4713.000000,228.000000,22.400000,0.000000,59,10,0.000000,0.000000,4942.000000,65,90.605514,1,373.975,-1,-1,0.000000,-1,0
475,2688.000000,213.000000,20.800000,0.000000,44,10,0.000000,0.000000,2901.000000,66,90.605514,1,373.975,-1,-1,0.000000,-1,0
477,4701.000000,215.000000,21.000000,0.000000,48,10,0.000000,0.000000,4917.000000,67,90.605514,1,373.975,-1,-1,0.000000,-1,0
482,3212.000000,221.000000,21.700000,0.000000,41,10,0.000000,0.000000,3433.000000,68,90.605514,1,373.975,-1,-1,0.000000,-1,0
486,3432.000000,234.000000,22.800000,0.000000,45,10,0.000000,0.000000,3666.000000,69,90.605514,1,373.975,-1,-1,0.000000,-1,0
490,4066.000000,205.000000,20.000000,0.000000,53,10,0.000000,0.000000,4272.000000,70,90.605514,1,373.975,-1,-1,0.000000,-1,0
494,1577.000000,244.000000,23.900000,0.000000,20,10,1144.000000,48.719982,1821.000000,71,90.909174,1,397.456,4303.000000,147.000000,0.303660,-1,0
501,3559.000000,224.000000,22.000000,0.000000,38,10,0.000000,0.000000,3784.000000,72,90.909174,1,397.456,-1,-1,0.000000,-1,0
504,2516.000000,193.000000,18.700000,0.000000,28,10,0.000000,0.000000,2710.000000,73,90.909174,1,397.456,-1,-1,0.000000,-1,0
507,3751.000000,228.000000,22.400000,0.000000,48,10,0.000000,0.000000,3980.000000,74,90.909174,1,397.456,-1,-1,0.000000,-1,0
511,2539.000000,207.000000,20.400000,0.000000,29,10,1121.000000,48.296468,2747.000000,75,91.421600,1,420.667,6103.000000,147.000000,0.512427,-1,0
521,5053.000000,255.000000,25.200000,0.000000,52,10,0.000000,0.000000,5310.000000,76,91.421600,1,420.667,-1,-1,0.000000,-1,0
526,2831.000000,214.000000,20.900000,0.000000,35,10,0.000000,0.000000,3046.000000,77,91.421600,1,420.667,-1,-1,0.000000,-1,0
529,2693.000000,226.000000,22.200000,0.000000,30,10,0.000000,0.000000,2919.000000,78,91.421600,1,420.667,-1,-1,0.000000,-1,0
532,5848.000000,238.000000,23.200000,0.000000,62,10,0.000000,0.000000,6087.000000,79,91.421600,1,420.667,-1,-1,0.000000,-1,0
538,3351.000000,225.000000,22.000000,0.000000,36,10,0.000000,0.000000,3577.000000,80,91.421600,1,420.667,-1,-1,0.000000,-1,0
542,2679.000000,224.000000,21.900000,0.000000,35,10,0.000000,0.000000,2904.000000,81,91.421600,1,420.667,-1,-1,0.000000,-1,0
545,6337.000000,235.000000,22.900000,0.000000,67,10,0.000000,0.000000,6573.000000,82,91.421600,1,420.667,-1,-1,0.000000,-1,0
551,4823.000000,267.000000,26.200000,0.000000,46,10,0.000000,0.000000,5091.000000,83,91.421600,1,420.667,-1,-1,0.000000,-1,0
556,4145.000000,221.000000,21.600000,0.000000,45,10,0.000000,0.000000,4367.000000,84,91.421600,1,420.667,-1,-1,0.000000,-1,0
561,3495.000000,225.000000,22.000000,0.000000,42,10,0.000000,0.000000,3720.000000,85,91.421600,1,420.667,-1,-1,0.000000,-1,0
564,3694.000000,222.000000,21.700000,0.000000,43,10,0.000000,0.000000,3918.000000,86,91.421600,1,420.667,-1,-1,0.000000,-1,0
568,3319.000000,220.000000,21.600000,0.000000,46,10,0.000000,0.000000,3539.000000,87,91.421600,1,420.667,-1,-1,0.000000,-1,0
572,1857.000000,223.000000,21.700000,0.000000,26,10,0.000000,0.000000,2081.000000,88,91.421600,1,420.667,-1,-1,0.000000,-1,0
574,2717.000000,216.000000,21.100000,0.000000,32,10,0.000000,0.000000,2933.000000,89,91.421600,1,420.667,-1,-1,0.000000,-1,0
577,3707.000000,195.000000,18.900000,0.000000,43,10,0.000000,0.000000,3903.000000,90,91.421600,1,420.667,-1,-1,0.000000,-1,0
581,4892.000000,205.000000,20.100000,0.000000,53,10,0.000000,0.000000,5098.000000,91,91.421600,1,420.667,-1,-1,0.000000,-1,0
586,3391.000000,221.000000,21.500000,0.000000,45,10,275.000000,39.887355,3613.000000,92,91.896069,1,427.562,2703.000000,142.000000,0.474469,-1,0
593,2750.000000,219.000000,21.600000,0.000000,34,10,0.000000,0.000000,2970.000000,93,91.896069,1,427.562,-1,-1,0.000000,-1,0
596,2245.000000,223.000000,21.700000,0.000000,24,10,810.000000,278.383713,2469.000000,94,92.617262,1,430.471,1003.000000,142.000000,0.721193,-1,0
