Time,GenerateTime,EvalTime,EvalAvgTime,SelectTime,Attempts,Candidates,EstimatedGain,UtilityScore,NBVTime,Iteration,Progress,Planner,TrajectoryLength,MoveTime,MapUpdateTime,Gain,ClusterTime,NbvMemory
0,538.000000,236.000000,19.250000,0.000000,12,12,2765.000000,2765.000000,775.000000,1,2.525086,0,-1.53881,503.000000,109.000000,0.986896,-1,0
2,520.000000,249.000000,20.166667,0.000000,12,12,2580.000000,2580.000000,769.000000,2,4.347047,0,-1.15069,451.000000,113.000000,1.821961,-1,0
3,541.000000,280.000000,22.916667,0.000000,12,12,1470.000000,1470.000000,822.000000,3,5.485773,0,-0.721451,402.000000,114.000000,1.138726,-1,0
5,526.000000,285.000000,23.250000,0.000000,12,12,1252.000000,1252.000000,812.000000,4,6.187987,0,-0.314333,403.000000,112.000000,0.702214,-1,0
6,541.000000,284.000000,23.333333,0.000000,12,12,1370.000000,1370.000000,826.000000,5,6.871222,0,0.115542,502.000000,108.000000,0.683235,-1,0
8,519.000000,261.000000,21.250000,0.000000,12,12,3300.000000,3300.000000,780.000000,6,7.630373,0,0.513271,452.000000,114.000000,0.759150,-1,0
10,555.000000,247.000000,20.083333,0.000000,12,12,3443.000000,3443.000000,802.000000,7,8.693183,0,0.985087,552.000000,97.000000,1.062811,-1,0
12,557.000000,242.000000,19.750000,0.000000,12,12,1840.000000,1840.000000,799.000000,8,9.528249,0,1.42418,402.000000,105.000000,0.835065,-1,0
13,630.000000,218.000000,17.833333,0.000000,12,12,936.000000,936.000000,849.000000,9,10.154548,0,1.94993,552.000000,107.000000,0.626299,-1,0
15,553.000000,218.000000,17.750000,0.000000,12,12,1156.000000,1156.000000,771.000000,10,11.179401,0,2.43508,502.000000,110.000000,1.024853,-1,0
17,519.000000,224.000000,18.000000,0.000000,12,12,739.000000,739.000000,743.000000,11,12.033445,0,2.98637,552.000000,107.000000,0.854044,-1,0
19,518.000000,224.000000,18.250000,0.000000,12,12,1314.000000,1314.000000,743.000000,12,13.513788,0,3.41685,401.000000,108.000000,1.480343,-1,0
20,551.000000,240.000000,19.416667,0.000000,12,12,2426.000000,2426.000000,791.000000,13,15.089026,0,4.07057,501.000000,108.000000,1.575237,-1,0
22,563.000000,230.000000,20.454545,0.000000,12,11,1821.000000,1821.000000,794.000000,14,16.322645,0,4.59882,552.000000,111.000000,1.233619,-1,0
23,522.000000,257.000000,20.833333,0.000000,12,12,1585.000000,1585.000000,779.000000,15,16.892008,0,4.85604,301.000000,108.000000,0.569363,-1,0
25,535.000000,259.000000,21.166667,0.000000,12,12,1155.000000,1155.000000,795.000000,16,17.005880,0,5.23485,451.000000,110.000000,0.113873,-1,0
26,516.000000,263.000000,21.166667,0.000000,12,12,292.000000,292.000000,780.000000,17,17.290562,0,5.68182,552.000000,110.000000,0.284681,-1,0
28,564.000000,263.000000,21.500000,0.000000,12,12,306.000000,306.000000,828.000000,18,17.613201,0,6.14178,501.000000,111.000000,0.322639,-1,0
30,528.000000,247.000000,20.083333,0.000000,12,12,906.000000,906.000000,775.000000,19,18.277457,0,6.80901,553.000000,115.000000,0.664257,-1,0
32,530.000000,242.000000,19.666667,0.000000,12,12,1273.000000,1273.000000,772.000000,20,19.150480,0,7.24403,502.000000,120.000000,0.873023,-1,0
33,504.000000,243.000000,19.583333,0.000000,12,12,1355.000000,1355.000000,747.000000,21,20.061461,0,7.61512,502.000000,114.000000,0.910981,-1,0
35,549.000000,233.000000,18.750000,0.000000,12,12,1540.000000,1540.000000,783.000000,22,22.016273,0,8.21712,552.000000,116.000000,1.954812,-1,0
37,553.000000,249.000000,20.250000,0.000000,12,12,1130.000000,1130.000000,803.000000,23,23.230914,0,8.6668,353.000000,118.000000,1.214641,-1,0
38,566.000000,258.000000,21.000000,0.000000,12,12,1216.000000,1216.000000,825.000000,24,23.686404,0,9.17526,552.000000,117.000000,0.455490,-1,0
40,528.000000,260.000000,21.250000,0.000000,12,12,1295.000000,1295.000000,789.000000,25,24.009043,0,9.77426,552.000000,121.000000,0.322639,-1,0
42,493.000000,253.000000,20.750000,0.000000,12,12,597.000000,597.000000,747.000000,26,24.103937,0,10.2024,402.000000,121.000000,0.094894,-1,0
44,601.000000,254.000000,20.666667,0.000000,12,12,293.000000,293.000000,855.000000,27,24.217809,0,10.7039,503.000000,120.000000,0.113873,-1,0
46,518.000000,271.000000,22.083333,0.000000,12,12,451.000000,451.000000,790.000000,28,24.312703,0,11.2627,502.000000,120.000000,0.094894,-1,0
47,546.000000,251.000000,20.333333,0.000000,12,12,1859.000000,1859.000000,797.000000,29,24.559427,0,11.7917,452.000000,122.000000,0.246724,-1,0
49,494.000000,217.000000,17.666667,0.000000,12,12,757.000000,757.000000,711.000000,30,24.730236,0,12.1877,353.000000,123.000000,0.170809,-1,0
51,540.000000,215.000000,17.500000,0.000000,12,12,1367.000000,1367.000000,756.000000,31,25.185726,0,12.8499,551.000000,130.000000,0.455490,-1,0
52,582.000000,221.000000,18.083333,0.000000,12,12,1415.000000,1415.000000,804.000000,32,25.963855,0,13.2996,502.000000,122.000000,0.778129,-1,0
54,527.000000,243.000000,19.833333,0.000000,12,12,2076.000000,2076.000000,770.000000,33,27.273390,0,13.9367,552.000000,122.000000,1.309534,-1,0
56,541.000000,246.000000,20.000000,0.000000,12,12,1617.000000,1617.000000,787.000000,34,27.842753,0,14.4531,501.000000,123.000000,0.569363,-1,0
58,530.000000,251.000000,20.666667,0.000000,12,12,826.000000,826.000000,782.000000,35,28.279264,0,14.9681,552.000000,122.000000,0.436511,-1,0
59,539.000000,260.000000,21.166667,0.000000,12,12,2295.000000,2295.000000,799.000000,36,30.253055,0,15.5663,552.000000,123.000000,1.973791,-1,0
61,560.000000,232.000000,18.666667,0.000000,12,12,1112.000000,1112.000000,792.000000,37,31.714420,0,15.9285,302.000000,123.000000,1.461365,-1,0
63,548.000000,231.000000,18.916667,0.000000,12,12,2074.000000,2074.000000,780.000000,38,32.948039,0,16.4206,551.000000,122.000000,1.233619,-1,0
64,518.000000,255.000000,21.000000,0.000000,12,12,1505.000000,1505.000000,774.000000,39,35.510172,0,16.7999,452.000000,123.000000,2.562133,-1,0
66,556.000000,280.000000,22.916667,0.000000,12,12,882.000000,882.000000,837.000000,40,38.546774,0,17.1779,351.000000,123.000000,3.036602,-1,0
68,541.000000,305.000000,24.916667,0.000000,12,12,1198.000000,1198.000000,847.000000,41,41.089927,0,17.5392,352.000000,123.000000,2.543154,-1,0
69,543.000000,330.000000,27.000000,0.000000,12,12,1315.000000,1315.000000,874.000000,42,43.955720,0,18.1436,553.000000,123.000000,2.865793,-1,0
71,535.000000,325.000000,26.416667,0.000000,12,12,844.000000,844.000000,860.000000,43,44.733849,0,18.7293,502.000000,122.000000,0.778129,-1,0
73,533.000000,297.000000,24.250000,0.000000,12,12,786.000000,786.000000,831.000000,44,45.113425,0,19.1073,403.000000,122.000000,0.379575,-1,0
75,558.000000,289.000000,23.583333,0.000000,12,12,716.000000,716.000000,848.000000,45,45.455042,0,19.5534,402.000000,123.000000,0.341618,-1,0
77,552.000000,272.000000,22.083333,0.000000,12,12,1087.000000,1087.000000,825.000000,46,45.777681,0,20.082,503.000000,124.000000,0.322639,-1,0
78,521.000000,244.000000,19.916667,0.000000,12,12,1643.000000,1643.000000,767.000000,47,46.214193,0,20.5429,402.000000,122.000000,0.436511,-1,0
80,559.000000,243.000000,19.666667,0.000000,12,12,754.000000,754.000000,803.000000,48,46.802534,0,20.9118,553.000000,126.000000,0.588342,-1,0
82,518.000000,271.000000,22.166667,0.000000,12,12,509.000000,509.000000,790.000000,49,47.428833,0,21.4647,453.000000,123.000000,0.626299,-1,0
84,557.000000,265.000000,21.666667,0.000000,12,12,871.000000,871.000000,823.000000,50,48.510623,0,22.023,552.000000,122.000000,1.081789,-1,0
86,546.000000,287.000000,23.333333,0.000000,12,12,782.000000,782.000000,834.000000,51,48.700410,0,22.4959,402.000000,125.000000,0.189788,-1,0
87,495.000000,236.000000,23.100000,0.000000,12,10,323.000000,323.000000,731.000000,52,49.212837,0,23.0971,502.000000,122.000000,0.512427,-1,0
89,545.000000,288.000000,23.500000,0.000000,12,12,928.000000,928.000000,834.000000,53,49.611391,0,23.528,502.000000,123.000000,0.398554,-1,0
91,493.000000,265.000000,21.666667,0.000000,12,12,1628.000000,1628.000000,759.000000,54,50.104839,0,24.0627,552.000000,123.000000,0.493448,-1,0
93,565.000000,260.000000,21.166667,0.000000,12,12,1189.000000,1189.000000,826.000000,55,50.522371,0,24.5596,501.000000,125.000000,0.417533,-1,0
95,563.000000,231.000000,18.666667,0.000000,12,12,4996.000000,4996.000000,795.000000,56,51.452331,0,24.9809,452.000000,121.000000,0.929959,-1,0
96,543.000000,209.000000,17.083333,0.000000,12,12,5000.000000,5000.000000,753.000000,57,53.179398,0,25.554,502.000000,125.000000,1.727067,-1,0
98,559.000000,219.000000,17.666667,0.000000,12,12,4361.000000,4361.000000,778.000000,58,53.824676,0,25.9297,453.000000,125.000000,0.645278,-1,0
100,530.000000,183.000000,16.090909,0.000000,12,11,3377.000000,3377.000000,714.000000,59,54.280166,0,26.3173,402.000000,125.000000,0.455490,-1,0
102,532.000000,135.000000,14.555556,0.000000,12,9,370.000000,370.000000,667.000000,60,54.375060,0,26.8313,502.000000,127.000000,0.094894,-1,0
103,546.000000,171.000000,13.750000,0.000000,12,12,1115.000000,1115.000000,718.000000,61,54.583826,0,27.3374,502.000000,126.000000,0.208766,-1,0
105,549.000000,154.000000,12.416667,0.000000,12,12,231.000000,231.000000,704.000000,62,54.659741,0,27.716,352.000000,129.000000,0.075915,-1,0
107,548.000000,136.000000,11.909091,0.000000,12,11,182.000000,182.000000,685.000000,63,54.849529,0,28.1908,552.000000,130.000000,0.189788,-1,0
108,552.000000,127.000000,11.000000,0.000000,12,11,0.000000,0.000000,680.000000,64,54.849529,0,28.6319,-1,-1,0.000000,-1,0
109,38507.000000,2758.000000,34.883117,0.000000,729,54,3757.000000,1286.556922,47280.000000,65,56.178042,1,31.5521,1052.000000,128.000000,1.328513,-1,77
158,559.000000,263.000000,21.500000,0.000000,12,12,1280.000000,1280.000000,823.000000,66,56.671490,0,32.087,552.000000,130.000000,0.493448,-1,77
160,580.000000,288.000000,23.500000,0.000000,12,12,455.000000,455.000000,869.000000,67,56.709447,0,32.573,502.000000,135.000000,0.037958,-1,77
162,553.000000,274.000000,22.416667,0.000000,12,12,396.000000,396.000000,828.000000,68,56.728426,0,32.9906,452.000000,138.000000,0.018979,-1,77
164,595.000000,251.000000,20.250000,0.000000,12,12,0.000000,0.000000,846.000000,69,56.728426,0,33.3133,-1,-1,0.000000,-1,77
165,-1,1642.000000,25.822581,0.000000,-1,52,5000.000000,882.751957,5745.000000,70,62.023500,1,38.9774,1602.000000,137.000000,5.295074,-1,62
173,530.000000,258.000000,21.083333,0.000000,12,12,1178.000000,1178.000000,788.000000,71,63.427929,0,39.4021,352.000000,136.000000,1.404428,-1,62
175,516.000000,256.000000,21.000000,0.000000,12,12,532.000000,532.000000,774.000000,72,64.281973,0,39.7335,352.000000,137.000000,0.854044,-1,62
177,501.000000,262.000000,21.333333,0.000000,12,12,2218.000000,2218.000000,763.000000,73,66.521466,0,40.2132,552.000000,137.000000,2.239494,-1,62
179,480.000000,284.000000,23.333333,0.000000,12,12,1692.000000,1692.000000,765.000000,74,68.817897,0,40.6651,502.000000,136.000000,2.296430,-1,62
180,491.000000,322.000000,26.250000,0.000000,12,12,461.000000,461.000000,814.000000,75,70.146410,0,41.1086,452.000000,137.000000,1.328513,-1,62
182,468.000000,308.000000,25.166667,0.000000,12,12,1156.000000,1156.000000,776.000000,76,72.101222,0,41.5902,552.000000,136.000000,1.954812,-1,62
184,542.000000,304.000000,24.833333,0.000000,12,12,1074.000000,1074.000000,847.000000,77,74.093992,0,42.0647,402.000000,136.000000,1.992770,-1,62
186,525.000000,279.000000,22.750000,0.000000,12,12,1796.000000,1796.000000,805.000000,78,76.333486,0,42.494,353.000000,136.000000,2.239494,-1,62
188,513.000000,304.000000,24.916667,0.000000,12,12,1175.000000,1175.000000,819.000000,79,77.054679,0,43.0105,552.000000,137.000000,0.721193,-1,62
190,559.000000,288.000000,23.416667,0.000000,12,12,764.000000,764.000000,847.000000,80,77.282424,0,43.6273,502.000000,138.000000,0.227745,-1,62
192,527.000000,280.000000,22.750000,0.000000,12,12,106.000000,106.000000,807.000000,81,77.358339,0,44.0985,402.000000,136.000000,0.075915,-1,62
194,498.000000,285.000000,23.333333,0.000000,12,12,71.000000,71.000000,784.000000,82,77.472211,0,44.5552,402.000000,135.000000,0.113873,-1,62
195,581.000000,284.000000,25.363636,0.000000,12,11,8.000000,8.000000,866.000000,83,77.643020,0,44.9655,503.000000,137.000000,0.170809,-1,62
197,536.000000,272.000000,24.363636,0.000000,12,11,2.000000,2.000000,808.000000,84,77.851787,0,45.3722,352.000000,135.000000,0.208766,-1,62
199,561.000000,288.000000,23.583333,0.000000,12,12,163.000000,163.000000,850.000000,85,78.610937,0,45.884,552.000000,136.000000,0.759150,-1,62
201,552.000000,275.000000,24.363636,0.000000,12,11,316.000000,316.000000,827.000000,86,78.990512,0,46.4689,552.000000,138.000000,0.379575,-1,62
203,509.000000,269.000000,21.833333,0.000000,12,12,220.000000,220.000000,779.000000,87,79.085406,0,46.8949,502.000000,140.000000,0.094894,-1,62
205,519.000000,254.000000,20.833333,0.000000,12,12,330.000000,330.000000,774.000000,88,79.294172,0,47.4479,452.000000,135.000000,0.208766,-1,62
207,497.000000,258.000000,21.000000,0.000000,12,12,368.000000,368.000000,755.000000,89,80.148217,0,48.0618,502.000000,135.000000,0.854044,-1,62
209,532.000000,253.000000,20.666667,0.000000,12,12,214.000000,214.000000,785.000000,90,80.413919,0,48.5338,403.000000,134.000000,0.265703,-1,62
211,481.000000,266.000000,21.583333,0.000000,12,12,191.000000,191.000000,747.000000,91,80.584728,0,48.9036,402.000000,136.000000,0.170809,-1,62
212,539.000000,286.000000,23.333333,0.000000,12,12,453.000000,453.000000,827.000000,92,80.679622,0,49.374,453.000000,136.000000,0.094894,-1,62
214,538.000000,313.000000,25.750000,0.000000,12,12,305.000000,305.000000,851.000000,93,80.717579,0,49.7363,453.000000,136.000000,0.037958,-1,62
216,501.000000,315.000000,25.833333,0.000000,12,12,239.000000,239.000000,816.000000,94,80.717579,0,50.1531,352.000000,135.000000,0.000000,-1,62
218,-1,1500.000000,35.756098,0.000000,-1,38,808.000000,277.727646,3828.000000,95,81.211027,1,53.0625,1052.000000,135.000000,0.493448,-1,41
223,556.000000,265.000000,21.583333,0.000000,12,12,380.000000,380.000000,822.000000,96,81.248985,0,53.5144,352.000000,136.000000,0.037958,-1,41
225,508.000000,251.000000,20.583333,0.000000,12,12,41.000000,41.000000,760.000000,97,81.400815,0,53.8296,402.000000,137.000000,0.151830,-1,41
227,528.000000,273.000000,22.250000,0.000000,12,12,228.000000,228.000000,802.000000,98,81.951199,0,54.2706,402.000000,137.000000,0.550384,-1,41
229,472.000000,295.000000,24.083333,0.000000,12,12,125.000000,125.000000,767.000000,99,82.292816,0,54.6704,402.000000,138.000000,0.341618,-1,41
231,494.000000,297.000000,24.250000,0.000000,12,12,303.000000,303.000000,791.000000,100,82.653413,0,55.179,452.000000,135.000000,0.360596,-1,41
232,513.000000,274.000000,22.333333,0.000000,12,12,251.000000,251.000000,787.000000,101,83.089924,0,55.6755,503.000000,136.000000,0.436511,-1,41
234,530.000000,292.000000,23.833333,0.000000,12,12,575.000000,575.000000,822.000000,102,83.488478,0,56.1062,552.000000,136.000000,0.398554,-1,41
236,496.000000,308.000000,25.250000,0.000000,12,12,426.000000,426.000000,805.000000,103,83.583372,0,56.5607,352.000000,136.000000,0.094894,-1,41
238,516.000000,326.000000,26.833333,0.000000,12,12,664.000000,664.000000,843.000000,104,83.678266,0,57.0089,452.000000,135.000000,0.094894,-1,41
240,503.000000,304.000000,24.916667,0.000000,12,12,855.000000,855.000000,808.000000,105,84.000905,0,57.5007,502.000000,134.000000,0.322639,-1,41
242,526.000000,299.000000,24.416667,0.000000,12,12,438.000000,438.000000,826.000000,106,84.038862,0,57.7341,402.000000,138.000000,0.037958,-1,41
244,573.000000,320.000000,26.166667,0.000000,12,12,251.000000,251.000000,893.000000,107,84.038862,0,58.2932,452.000000,137.000000,0.000000,-1,41
246,-1,943.000000,35.538462,0.000000,-1,23,178.000000,41.152692,2500.000000,108,84.057841,1,62.6186,1503.000000,138.000000,0.018979,-1,26
250,530.000000,246.000000,20.083333,0.000000,12,12,0.000000,0.000000,777.000000,109,84.057841,0,63.0945,-1,-1,0.000000,-1,26
251,-1,612.000000,49.916667,0.000000,-1,8,140.000000,30.098471,1489.000000,110,84.133756,1,67.7459,1402.000000,137.000000,0.075915,-1,12
255,510.000000,345.000000,28.083333,0.000000,12,12,38.000000,38.000000,855.000000,111,84.152735,0,68.1546,452.000000,136.000000,0.018979,-1,12
257,549.000000,347.000000,28.250000,0.000000,12,12,0.000000,0.000000,896.000000,112,84.152735,0,68.7634,-1,-1,0.000000,-1,12
258,-1,302.000000,37.000000,0.000000,-1,6,225.000000,34.819104,806.000000,113,85.405333,1,75.2253,1653.000000,137.000000,1.252598,-1,8
261,505.000000,211.000000,18.636364,0.000000,12,11,0.000000,0.000000,716.000000,114,85.405333,0,75.5963,-1,-1,0.000000,-1,8
