Time,GenerateTime,EvalTime,EvalAvgTime,SelectTime,Attempts,Candidates,EstimatedGain,UtilityScore,NBVTime,Iteration,Progress,Planner,TrajectoryLength,MoveTime,MapUpdateTime,Gain,ClusterTime,NbvMemory
0,1963.000000,0.000000,-1,496.000000,38,10,5000.000000,1201.087808,1964.000000,0,9.015822,1,2.16289,1103.000000,117.000000,0.626299,0.000000,9
3,1480.000000,1208.000000,22.444444,79.000000,24,13,5000.000000,1605.899607,2689.000000,1,16.208772,1,5.27641,1002.000000,116.000000,7.192950,0.000000,13
7,2868.000000,1432.000000,23.153846,134.000000,39,15,4999.000000,1005.912728,4301.000000,2,25.014917,1,10.246,1253.000000,125.000000,8.806145,0.000000,14
13,1436.000000,1577.000000,23.285714,105.000000,30,17,5000.000000,1353.798962,3014.000000,3,25.849983,1,13.9393,1302.000000,122.000000,0.835065,0.000000,17
18,1628.000000,2093.000000,24.411765,112.000000,19,20,5000.000000,1331.247012,3721.000000,4,30.461822,1,17.6952,1202.000000,120.000000,4.611839,0.000000,20
23,0.000000,2413.000000,23.450000,172.000000,0,20,2157.000000,527.397880,2414.000000,5,33.707190,1,21.7851,1253.000000,125.000000,3.245368,0.000000,20
27,0.000000,2273.000000,23.950000,128.000000,0,19,2739.000000,683.772620,2274.000000,6,36.516046,1,25.7908,1752.000000,126.000000,2.808857,0.000000,19
32,1965.000000,2535.000000,23.315789,117.000000,30,25,4942.000000,479.334674,4501.000000,7,47.125173,1,36.1009,2752.000000,132.000000,10.609127,0.000000,24
40,3018.000000,3092.000000,24.333333,209.000000,50,27,4542.000000,920.531816,6111.000000,8,50.351563,1,41.0351,1153.000000,133.000000,3.226389,0.000000,26
47,5688.000000,3326.000000,23.461538,149.000000,90,31,2455.000000,806.168549,9015.000000,9,53.141440,1,44.0803,902.000000,133.000000,2.789878,0.000000,30
58,4474.000000,3965.000000,24.200000,154.000000,62,37,4342.000000,915.850525,8441.000000,10,60.372348,1,48.8213,1303.000000,130.000000,7.230908,0.000000,36
68,0.000000,4621.000000,24.361111,214.000000,0,36,2109.000000,652.559091,4622.000000,11,61.492095,1,52.0532,1253.000000,133.000000,1.119747,0.000000,36
74,0.000000,4461.000000,24.666667,145.000000,0,35,2799.000000,782.204004,4463.000000,12,64.244015,1,55.6315,1103.000000,134.000000,2.751920,0.000000,35
80,0.000000,4645.000000,24.914286,138.000000,0,34,2406.000000,645.685909,4646.000000,13,67.508362,1,59.3578,1152.000000,140.000000,3.264347,0.000000,34
86,0.000000,4348.000000,25.205882,157.000000,0,34,462.000000,711.565650,4349.000000,14,68.647088,1,60.0071,652.000000,134.000000,1.138726,0.000000,34
92,0.000000,4059.000000,24.941176,206.000000,0,34,3047.000000,672.891966,4059.000000,15,72.689564,1,64.5353,1303.000000,137.000000,4.042476,0.000000,34
98,1020.000000,4346.000000,26.205882,96.000000,23,32,441.000000,378.142986,5366.000000,16,72.803436,1,65.7015,602.000000,144.000000,0.113873,0.000000,32
105,9636.000000,4150.000000,25.437500,123.000000,121,36,2793.000000,648.911996,13788.000000,17,72.860372,1,70.0056,1403.000000,149.000000,0.056936,0.000000,36
121,35301.000000,4730.000000,24.722222,123.000000,511,44,1945.000000,405.028426,40032.000000,18,73.676459,1,74.8078,1752.000000,151.000000,0.816087,0.000000,43
163,1120.000000,5881.000000,25.837209,99.000000,14,44,1025.000000,188.981403,7002.000000,19,75.479441,1,80.2316,1402.000000,144.000000,1.802982,0.000000,44
172,0.000000,5509.000000,24.795455,280.000000,0,41,2447.000000,79.745778,5511.000000,20,77.699956,1,110.917,7004.000000,150.000000,2.220515,0.000000,41
185,0.000000,5908.000000,25.292683,252.000000,0,41,1012.000000,219.791878,5909.000000,21,77.908723,1,115.521,1603.000000,145.000000,0.208766,0.000000,41
193,0.000000,5210.000000,26.073171,242.000000,0,41,1574.000000,296.657668,5211.000000,22,78.800725,1,120.827,1252.000000,146.000000,0.892002,0.000000,41
200,2445.000000,4899.000000,26.219512,144.000000,29,37,1631.000000,136.513406,7345.000000,23,80.110259,1,132.774,3153.000000,150.000000,1.309534,0.000000,37
211,0.000000,4163.000000,25.837838,282.000000,0,33,765.000000,170.392065,4165.000000,24,80.527792,1,137.264,1453.000000,151.000000,0.417533,0.000000,33
218,0.000000,3716.000000,25.545455,220.000000,0,28,1022.000000,163.263557,3717.000000,25,81.647539,1,143.524,1603.000000,163.000000,1.119747,0.000000,28
224,0.000000,3646.000000,25.535714,195.000000,0,27,540.000000,178.998630,3646.000000,26,82.178944,1,146.541,1252.000000,157.000000,0.531405,0.000000,27
230,0.000000,3253.000000,26.370370,201.000000,0,25,3534.000000,308.086803,3254.000000,27,83.906011,1,158.011,3553.000000,160.000000,1.727067,0.000000,25
237,0.000000,3003.000000,25.960000,167.000000,0,25,476.000000,289.150022,3004.000000,28,83.943969,1,159.658,752.000000,156.000000,0.037958,0.000000,25
242,0.000000,2510.000000,26.240000,126.000000,0,20,511.000000,163.202836,2511.000000,29,84.551289,1,162.789,953.000000,158.000000,0.607320,0.000000,20
246,291.000000,2191.000000,28.150000,137.000000,3,19,244.000000,22.969429,2483.000000,30,84.551289,1,173.411,2353.000000,159.000000,0.000000,0.000000,19
251,0.000000,2424.000000,27.736842,149.000000,0,19,41.000000,11.255540,2425.000000,31,85.006779,1,177.054,1152.000000,159.000000,0.455490,0.000000,19
256,117.000000,2334.000000,27.526316,124.000000,2,18,157.000000,11.586007,2452.000000,32,85.120652,1,190.605,3052.000000,167.000000,0.113873,0.000000,18
262,0.000000,1830.000000,27.222222,150.000000,0,16,83.000000,10.547625,1830.000000,33,85.310439,1,198.474,1702.000000,157.000000,0.189788,0.000000,16
266,200.000000,1421.000000,27.875000,85.000000,2,14,182.000000,29.967528,1622.000000,34,85.481248,1,204.547,1303.000000,156.000000,0.170809,0.000000,14
270,2160.000000,1171.000000,28.500000,128.000000,27,13,1523.000000,151.527728,3332.000000,35,87.625848,1,214.598,1753.000000,158.000000,2.144600,0.000000,12
276,1030.000000,1097.000000,28.666667,127.000000,9,13,529.000000,27.959113,2128.000000,36,88.366020,1,233.519,4553.000000,164.000000,0.740172,0.000000,12
283,3814.000000,1145.000000,27.250000,94.000000,47,13,34.000000,7.482735,4961.000000,37,88.384999,1,238.062,1903.000000,167.000000,0.018979,0.000000,13
291,921.000000,926.000000,27.923077,156.000000,15,11,143.000000,48.897381,1849.000000,38,88.498871,1,240.987,1503.000000,163.000000,0.113873,0.000000,10
295,2926.000000,835.000000,25.200000,87.000000,44,14,34.000000,2.819102,3761.000000,39,88.498871,1,253.047,3752.000000,165.000000,0.000000,0.000000,14
303,3489.000000,981.000000,26.857143,68.000000,42,12,52.000000,3.886997,4471.000000,40,88.555807,1,266.425,2152.000000,171.000000,0.056936,0.000000,12
311,3241.000000,759.000000,25.500000,202.000000,38,13,830.000000,74.028381,4001.000000,41,88.612744,1,277.637,2853.000000,165.000000,0.056936,0.000000,13
318,932.000000,795.000000,24.230769,67.000000,12,10,278.000000,430.353938,1728.000000,42,88.612744,1,278.283,452.000000,165.000000,0.000000,0.000000,10
321,3630.000000,959.000000,27.300000,132.000000,46,13,270.000000,84.024158,4591.000000,43,88.688659,1,281.497,1253.000000,167.000000,0.075915,0.000000,12
328,3794.000000,757.000000,24.333333,93.000000,50,13,21.000000,1.172640,4552.000000,44,88.688659,1,299.405,4003.000000,161.000000,0.000000,0.000000,13
337,2719.000000,695.000000,22.692308,104.000000,27,12,999.000000,213.040316,3415.000000,45,89.030276,1,304.094,1603.000000,166.000000,0.341618,0.000000,11
343,3699.000000,635.000000,23.545455,134.000000,36,12,282.000000,54.245697,4335.000000,46,89.030276,1,309.293,1553.000000,167.000000,0.000000,0.000000,12
350,2244.000000,655.000000,27.416667,77.000000,26,11,41.000000,44.185926,2901.000000,47,89.030276,1,310.221,702.000000,163.000000,0.000000,0.000000,11
354,1746.000000,755.000000,23.545455,71.000000,17,12,41.000000,30.089395,2503.000000,48,89.030276,1,311.583,553.000000,174.000000,0.000000,0.000000,12
358,2876.000000,580.000000,25.250000,201.000000,33,10,1750.000000,254.802870,3457.000000,49,90.244917,1,318.451,1753.000000,168.000000,1.214641,0.000000,9
364,5855.000000,636.000000,21.666667,86.000000,57,13,1119.000000,148.926259,6493.000000,50,90.548577,1,325.965,1602.000000,168.000000,0.303660,0.000000,13
373,2185.000000,571.000000,25.846154,108.000000,25,10,316.000000,33.102670,2756.000000,51,90.833259,1,335.511,2802.000000,160.000000,0.284681,0.000000,10
379,2858.000000,370.000000,24.100000,137.000000,29,10,31.000000,1.804995,3229.000000,52,90.833259,1,352.686,3802.000000,165.000000,0.000000,0.000000,10
387,4847.000000,406.000000,26.700000,69.000000,53,11,31.000000,33.411982,5254.000000,53,90.833259,1,353.614,603.000000,165.000000,0.000000,0.000000,11
393,2417.000000,574.000000,23.909091,120.000000,28,10,97.000000,21.301791,2991.000000,54,90.966110,1,358.167,1352.000000,168.000000,0.132851,0.000000,9
399,7106.000000,542.000000,25.777778,94.000000,80,11,3.000000,0.091219,7649.000000,55,90.966110,1,391.055,7002.000000,165.000000,0.000000,0.000000,11
414,3203.000000,422.000000,23.181818,208.000000,41,10,1792.000000,111.663310,3625.000000,56,92.085857,1,407.103,3502.000000,167.000000,1.119747,0.000000,9
