Time,GenerateTime,EvalTime,EvalAvgTime,SelectTime,Attempts,Candidates,EstimatedGain,UtilityScore,NBVTime,Iteration,Progress,Planner,TrajectoryLength,MoveTime,MapUpdateTime,Gain,ClusterTime,NbvMemory
0,3396.000000,0.000000,-1,569.000000,65,10,5000.000000,1223.986833,3397.000000,0,9.148674,1,2.08501,1353.000000,116.000000,0.759150,0.000000,9
5,1883.000000,869.000000,21.666667,79.000000,25,13,5000.000000,1814.398720,2753.000000,1,12.621787,1,4.84075,1152.000000,117.000000,3.473113,0.000000,13
9,361.000000,1277.000000,21.692308,81.000000,6,14,5000.000000,1332.224506,1639.000000,2,15.089026,1,8.59387,1152.000000,121.000000,2.467239,0.000000,14
12,642.000000,1457.000000,21.857143,136.000000,8,16,4913.000000,1061.442145,2099.000000,3,22.490742,1,13.2225,1602.000000,122.000000,7.401717,0.000000,16
16,0.000000,1578.000000,22.187500,151.000000,0,16,2462.000000,4052.995135,1578.000000,4,24.331682,1,13.8299,452.000000,124.000000,1.840940,0.000000,16
19,0.000000,1533.000000,22.687500,138.000000,0,16,1878.000000,1818.411563,1534.000000,5,26.666069,1,14.8627,602.000000,125.000000,2.334388,0.000000,16
22,490.000000,1550.000000,22.437500,137.000000,5,17,4988.000000,1699.913054,2042.000000,6,37.294175,1,17.797,1053.000000,127.000000,10.628106,0.000000,17
25,0.000000,1859.000000,23.117647,191.000000,0,17,1773.000000,3598.955748,1860.000000,7,38.243113,1,18.2896,403.000000,133.000000,0.948938,0.000000,17
28,88.000000,2105.000000,23.294118,81.000000,2,18,1551.000000,2383.195664,2194.000000,8,41.906014,1,18.9404,552.000000,130.000000,3.662901,0.000000,18
31,0.000000,1876.000000,23.500000,129.000000,0,18,5000.000000,1021.551758,1876.000000,9,42.399462,1,23.8349,1753.000000,132.000000,0.493448,0.000000,18
35,0.000000,1728.000000,23.277778,119.000000,0,18,4948.000000,1154.916291,1728.000000,10,47.125173,1,28.1192,1303.000000,131.000000,4.725711,0.000000,18
39,0.000000,2016.000000,23.944444,156.000000,0,18,4976.000000,1060.520877,2016.000000,11,47.409855,1,32.8113,1253.000000,131.000000,0.284681,0.000000,18
42,0.000000,1922.000000,23.722222,68.000000,0,18,1704.000000,1053.012789,1922.000000,12,48.833262,1,34.4295,701.000000,132.000000,1.423407,0.000000,18
45,0.000000,1852.000000,23.777778,100.000000,0,18,4424.000000,804.603886,1852.000000,13,50.712159,1,39.9278,1652.000000,134.000000,1.878897,0.000000,18
49,0.000000,1988.000000,23.666667,213.000000,0,18,744.000000,605.165133,1989.000000,14,51.072755,1,41.1572,652.000000,136.000000,0.360596,0.000000,18
53,448.000000,2104.000000,23.888889,258.000000,10,18,4955.000000,416.452527,2553.000000,15,55.665615,1,53.0554,3102.000000,140.000000,4.592860,0.000000,18
59,0.000000,2111.000000,23.444444,128.000000,0,18,2910.000000,312.992314,2111.000000,16,56.272936,1,62.3527,2403.000000,148.000000,0.607320,0.000000,18
64,4227.000000,2367.000000,23.666667,74.000000,73,23,3138.000000,861.420434,6596.000000,17,56.500681,1,65.9955,1252.000000,137.000000,0.227745,0.000000,23
72,81.000000,2616.000000,23.913043,100.000000,1,22,1619.000000,553.838957,2698.000000,18,57.506555,1,68.9188,1102.000000,137.000000,1.005874,0.000000,22
76,0.000000,2441.000000,24.863636,201.000000,0,21,1217.000000,206.311072,2442.000000,19,58.056939,1,74.8176,1753.000000,141.000000,0.550384,0.000000,21
81,0.000000,2389.000000,25.714286,195.000000,0,21,891.000000,154.223463,2390.000000,20,58.284684,1,80.595,1652.000000,149.000000,0.227745,0.000000,21
86,0.000000,2598.000000,25.952381,107.000000,0,21,1667.000000,309.354712,2599.000000,21,62.004521,1,85.9836,1853.000000,149.000000,3.719837,0.000000,21
91,0.000000,2405.000000,26.000000,148.000000,0,21,2320.000000,121.023811,2405.000000,22,64.718484,1,105.153,2752.000000,149.000000,2.713963,0.000000,21
97,979.000000,2136.000000,25.952381,59.000000,14,19,250.000000,520.959272,3116.000000,23,65.079081,1,105.633,452.000000,144.000000,0.360596,0.000000,19
101,0.000000,2043.000000,26.894737,100.000000,0,18,594.000000,119.509761,2043.000000,24,65.686401,1,110.604,1453.000000,149.000000,0.607320,0.000000,18
105,1135.000000,2105.000000,27.444444,101.000000,17,20,3699.000000,334.770907,3241.000000,25,70.544964,1,121.653,3453.000000,148.000000,4.858563,0.000000,20
113,0.000000,2119.000000,25.800000,186.000000,0,19,408.000000,874.624709,2120.000000,26,70.658836,1,122.119,453.000000,150.000000,0.113873,0.000000,19
116,0.000000,2311.000000,26.736842,148.000000,0,19,408.000000,805.850152,2312.000000,27,70.696794,1,122.626,403.000000,146.000000,0.037958,0.000000,19
119,81.000000,2302.000000,26.631579,144.000000,1,20,408.000000,389.833820,2384.000000,28,71.835519,1,123.672,702.000000,144.000000,1.138726,0.000000,20
123,0.000000,2060.000000,25.200000,313.000000,0,17,3884.000000,492.249740,2061.000000,29,72.974245,1,131.563,1453.000000,151.000000,1.138726,0.000000,17
127,813.000000,1991.000000,26.294118,98.000000,7,18,546.000000,98.834653,2805.000000,30,73.296884,1,137.087,1552.000000,149.000000,0.322639,0.000000,18
132,869.000000,2081.000000,26.055556,252.000000,12,19,352.000000,96.134408,2951.000000,31,73.315863,1,140.749,1353.000000,155.000000,0.018979,0.000000,19
137,152.000000,2571.000000,26.368421,126.000000,1,19,77.000000,20.142304,2724.000000,32,73.410757,1,144.571,1252.000000,157.000000,0.094894,0.000000,19
142,1836.000000,2057.000000,26.368421,318.000000,28,22,3297.000000,466.517967,3894.000000,33,73.657480,1,151.639,1652.000000,157.000000,0.246724,0.000000,21
148,0.000000,1931.000000,25.904762,181.000000,0,16,1259.000000,212.368405,1932.000000,34,74.701312,1,157.567,1303.000000,163.000000,1.043832,0.000000,16
152,0.000000,1745.000000,26.500000,147.000000,0,16,1209.000000,280.509258,1746.000000,35,76.333486,1,161.877,1352.000000,164.000000,1.632173,0.000000,16
156,650.000000,1763.000000,26.000000,87.000000,5,17,106.000000,29.789348,2414.000000,36,77.054679,1,165.435,1152.000000,165.000000,0.721193,0.000000,17
161,89.000000,1873.000000,25.176471,84.000000,1,16,1556.000000,75.965188,1963.000000,37,78.136468,1,185.918,3503.000000,163.000000,1.081789,0.000000,16
167,1485.000000,1774.000000,26.125000,125.000000,21,18,118.000000,120.957388,3260.000000,38,78.591958,1,186.894,703.000000,162.000000,0.455490,0.000000,18
172,510.000000,2199.000000,26.111111,157.000000,5,18,612.000000,101.501182,2710.000000,39,79.370087,1,192.923,1402.000000,163.000000,0.778129,0.000000,18
177,69.000000,1806.000000,25.611111,117.000000,1,16,257.000000,31.501276,1876.000000,40,79.427024,1,201.082,1903.000000,161.000000,0.056936,0.000000,16
181,0.000000,1506.000000,26.187500,295.000000,0,15,319.000000,90.708968,1507.000000,41,79.464981,1,204.599,1302.000000,165.000000,0.037958,0.000000,15
185,0.000000,1404.000000,26.000000,129.000000,0,14,75.000000,21.101545,1405.000000,42,79.578854,1,208.153,1052.000000,166.000000,0.113873,0.000000,14
188,1486.000000,1378.000000,26.142857,80.000000,16,16,135.000000,20.535734,2865.000000,43,79.616811,1,214.727,1703.000000,167.000000,0.037958,0.000000,16
194,1604.000000,1471.000000,26.812500,179.000000,27,15,1448.000000,354.425497,3076.000000,44,80.148217,1,218.812,1053.000000,168.000000,0.531405,0.000000,14
199,1397.000000,1118.000000,24.428571,99.000000,27,14,1065.000000,201.965941,2516.000000,45,81.647539,1,224.085,1754.000000,166.000000,1.499322,0.000000,14
204,1215.000000,1287.000000,25.500000,103.000000,19,14,25.000000,22.016192,2503.000000,46,81.742432,1,225.221,702.000000,168.000000,0.094894,0.000000,14
208,454.000000,1235.000000,26.428571,135.000000,7,13,270.000000,22.539717,1690.000000,47,81.799369,1,237.2,1952.000000,175.000000,0.056936,0.000000,13
212,2624.000000,1200.000000,25.153846,100.000000,31,14,98.000000,310.997448,3825.000000,48,81.799369,1,237.515,402.000000,173.000000,0.000000,0.000000,14
218,709.000000,1585.000000,27.000000,119.000000,10,15,98.000000,223.944836,2296.000000,49,81.875284,1,237.952,402.000000,168.000000,0.075915,0.000000,15
221,760.000000,1410.000000,26.466667,120.000000,7,14,27.000000,46.558547,2171.000000,50,81.875284,1,238.532,453.000000,168.000000,0.000000,0.000000,14
225,1607.000000,1483.000000,23.928571,168.000000,26,15,27.000000,64.115650,3092.000000,51,81.875284,1,238.953,403.000000,170.000000,0.000000,0.000000,15
229,1596.000000,1512.000000,24.333333,99.000000,20,17,27.000000,37.830049,3109.000000,52,81.875284,1,239.667,502.000000,170.000000,0.000000,0.000000,17
234,0.000000,1860.000000,24.470588,347.000000,0,14,27.000000,47.160372,1861.000000,53,81.875284,1,240.24,503.000000,175.000000,0.000000,0.000000,14
237,665.000000,1584.000000,25.142857,174.000000,6,16,2780.000000,109.385186,2249.000000,54,84.152735,1,265.654,4803.000000,168.000000,2.277451,0.000000,15
245,1921.000000,1679.000000,26.600000,191.000000,29,18,531.000000,22.807113,3600.000000,55,85.291461,1,288.937,3703.000000,170.000000,1.138726,0.000000,18
253,105.000000,2040.000000,25.777778,170.000000,2,17,19.000000,24.577048,2146.000000,56,85.443291,1,289.71,502.000000,170.000000,0.151830,0.000000,17
257,0.000000,1606.000000,25.529412,200.000000,0,16,243.000000,30.167246,1607.000000,57,85.462269,1,297.765,2953.000000,172.000000,0.018979,0.000000,16
262,567.000000,1950.000000,25.687500,164.000000,6,16,72.000000,16.196499,2518.000000,58,85.481248,1,302.21,1353.000000,171.000000,0.018979,0.000000,16
267,379.000000,1681.000000,25.312500,115.000000,11,15,471.000000,25.011638,2060.000000,59,86.449165,1,321.041,3352.000000,175.000000,0.967917,0.000000,15
274,1663.000000,1213.000000,26.800000,167.000000,22,15,60.000000,89.716652,2877.000000,60,86.525080,1,321.71,553.000000,175.000000,0.075915,0.000000,15
278,1303.000000,1297.000000,25.066667,180.000000,19,14,736.000000,34.026265,2601.000000,61,87.075464,1,343.341,3603.000000,171.000000,0.550384,0.000000,13
285,2316.000000,1304.000000,26.307692,105.000000,32,16,86.000000,6.142641,3621.000000,62,87.151379,1,357.341,3303.000000,171.000000,0.075915,0.000000,16
293,557.000000,1509.000000,24.437500,172.000000,6,15,86.000000,100.100464,2067.000000,63,87.170358,1,358.2,602.000000,165.000000,0.018979,0.000000,15
296,1595.000000,1226.000000,26.533333,143.000000,22,14,41.000000,2.248262,2821.000000,64,87.227294,1,376.437,3903.000000,168.000000,0.056936,0.000000,14
304,2267.000000,799.000000,24.500000,76.000000,24,12,16.000000,2.933917,3066.000000,65,87.379124,1,381.89,1202.000000,167.000000,0.151830,0.000000,12
309,4808.000000,438.000000,23.750000,102.000000,60,11,30.000000,1.446810,5246.000000,66,87.511976,1,402.625,3753.000000,169.000000,0.132851,0.000000,10
319,3517.000000,395.000000,22.000000,78.000000,44,11,3.000000,0.249519,3913.000000,67,87.606869,1,414.648,2953.000000,171.000000,0.094894,0.000000,11
327,3173.000000,379.000000,24.363636,228.000000,45,11,102.000000,4.787870,3553.000000,68,87.815636,1,435.952,4352.000000,192.000000,0.208766,0.000000,10
335,3415.000000,352.000000,23.600000,154.000000,37,11,2981.000000,348.078338,3768.000000,69,87.986445,1,444.516,2303.000000,170.000000,0.170809,0.000000,10
342,4258.000000,409.000000,24.600000,102.000000,46,11,144.000000,33.014970,4667.000000,70,88.081338,1,448.878,1253.000000,168.000000,0.094894,0.000000,11
349,3106.000000,344.000000,21.000000,153.000000,46,11,15.000000,1.691483,3451.000000,71,88.328062,1,457.746,2252.000000,166.000000,0.246724,0.000000,10
355,3292.000000,411.000000,20.400000,95.000000,44,11,17.000000,1.674518,3703.000000,72,88.328062,1,467.898,3203.000000,164.000000,0.000000,0.000000,11
363,5313.000000,356.000000,22.000000,84.000000,64,11,0.000000,0.000000,5670.000000,73,88.328062,1,467.898,-1,-1,0.000000,0.000000,10
369,4613.000000,401.000000,27.700000,86.000000,61,11,62.000000,12.113474,5015.000000,74,88.328062,1,473.016,1502.000000,165.000000,0.000000,0.000000,10
376,5575.000000,257.000000,25.200000,108.000000,66,10,0.000000,0.000000,5833.000000,75,88.328062,1,473.016,-1,-1,0.000000,0.000000,9
382,6135.000000,251.000000,27.555556,145.000000,76,10,4692.000000,199.103366,6386.000000,76,90.415726,1,496.582,5953.000000,161.000000,2.087664,0.000000,9
395,7804.000000,389.000000,26.444444,181.000000,88,10,573.000000,81.261141,8194.000000,77,90.453683,1,503.633,2103.000000,160.000000,0.037958,0.000000,9
406,4584.000000,357.000000,26.444444,93.000000,51,11,0.000000,0.000000,4942.000000,78,90.453683,1,503.633,-1,-1,0.000000,0.000000,10
411,4809.000000,374.000000,23.900000,90.000000,57,10,1754.000000,60.751295,5183.000000,79,90.681429,1,532.505,7454.000000,161.000000,0.227745,0.000000,10
424,2821.000000,225.000000,21.900000,165.000000,27,10,0.000000,0.000000,3047.000000,80,90.681429,1,532.505,-1,-1,0.000000,0.000000,9
427,5881.000000,235.000000,25.666667,101.000000,58,10,9.000000,1.970813,6117.000000,81,90.681429,1,537.072,1552.000000,163.000000,0.000000,0.000000,9
435,3958.000000,247.000000,26.888889,155.000000,56,10,0.000000,0.000000,4206.000000,82,90.681429,1,537.072,-1,-1,0.000000,0.000000,9
440,3970.000000,219.000000,23.777778,107.000000,50,10,0.000000,0.000000,4189.000000,83,90.681429,1,537.072,-1,-1,0.000000,0.000000,9
444,6048.000000,240.000000,26.222222,145.000000,68,10,0.000000,0.000000,6288.000000,84,90.681429,1,537.072,-1,-1,0.000000,0.000000,9
450,4576.000000,206.000000,22.555556,104.000000,50,10,0.000000,0.000000,4783.000000,85,90.681429,1,537.072,-1,-1,0.000000,0.000000,9
455,4788.000000,246.000000,26.666667,83.000000,53,10,0.000000,0.000000,5035.000000,86,90.681429,1,537.072,-1,-1,0.000000,0.000000,9
460,3766.000000,225.000000,24.444444,95.000000,45,10,0.000000,0.000000,3992.000000,87,90.681429,1,537.072,-1,-1,0.000000,0.000000,9
464,5460.000000,238.000000,26.000000,199.000000,59,10,0.000000,0.000000,5699.000000,88,90.681429,1,537.072,-1,-1,0.000000,0.000000,9
470,5368.000000,224.000000,24.555556,109.000000,57,10,760.000000,254.635291,5593.000000,89,90.928152,1,540.057,1103.000000,165.000000,0.246724,0.000000,9
477,3849.000000,249.000000,27.222222,140.000000,37,10,0.000000,0.000000,4099.000000,90,90.928152,1,540.057,-1,-1,0.000000,0.000000,9
481,2867.000000,241.000000,26.333333,96.000000,28,10,0.000000,0.000000,3109.000000,91,90.928152,1,540.057,-1,-1,0.000000,0.000000,9
484,6959.000000,219.000000,23.888889,161.000000,77,10,0.000000,0.000000,7178.000000,92,90.928152,1,540.057,-1,-1,0.000000,0.000000,9
492,5014.000000,219.000000,23.777778,173.000000,58,10,12.000000,3.016052,5234.000000,93,90.928152,1,544.035,1104.000000,172.000000,0.000000,0.000000,9
499,4835.000000,228.000000,24.888889,146.000000,59,10,0.000000,0.000000,5064.000000,94,90.928152,1,544.035,-1,-1,0.000000,0.000000,9
504,6960.000000,205.000000,22.333333,166.000000,73,10,80.000000,3.660093,7167.000000,95,91.440579,1,565.893,5054.000000,165.000000,0.512427,0.000000,9
517,2704.000000,236.000000,25.777778,117.000000,34,10,0.000000,0.000000,2941.000000,96,91.440579,1,565.893,-1,-1,0.000000,0.000000,9
520,2852.000000,222.000000,24.111111,108.000000,37,10,0.000000,0.000000,3075.000000,97,91.440579,1,565.893,-1,-1,0.000000,0.000000,9
523,2790.000000,226.000000,24.666667,120.000000,35,10,0.000000,0.000000,3017.000000,98,91.440579,1,565.893,-1,-1,0.000000,0.000000,9
526,2849.000000,199.000000,21.777778,134.000000,36,10,1682.000000,389.263047,3049.000000,99,92.180751,1,570.214,1503.000000,164.000000,0.740172,0.000000,9
