Time,GenerateTime,EvalTime,EvalAvgTime,SelectTime,Attempts,Candidates,EstimatedGain,UtilityScore,NBVTime,Iteration,Progress,Planner,TrajectoryLength,MoveTime,MapUpdateTime,Gain,ClusterTime,NbvMemory
0,3458.000000,0.000000,-1,520.000000,67,10,4691.000000,1284.243597,3459.000000,0,11.615912,1,1.65273,1404.000000,112.000000,3.226389,0.000000,9
5,3064.000000,0.000000,-1,113.000000,49,19,5000.000000,988.450707,3064.000000,1,15.108004,1,6.71115,1502.000000,116.000000,3.492092,0.000000,18
10,3342.000000,0.000000,-1,93.000000,54,28,5000.000000,1146.738854,3342.000000,2,18.049712,1,11.0713,1201.000000,125.000000,2.941708,0.000000,27
15,3327.000000,0.000000,-1,159.000000,63,37,5000.000000,1288.460051,3328.000000,3,20.934484,1,14.9519,1352.000000,119.000000,2.884772,0.000000,36
20,3313.000000,0.000000,-1,144.000000,48,46,5000.000000,1092.994450,3313.000000,4,21.503847,1,19.5265,1453.000000,122.000000,0.569363,0.000000,45
25,6106.000000,0.000000,-1,215.000000,95,55,3392.000000,684.178859,6107.000000,5,24.236788,1,24.4843,1253.000000,125.000000,2.732942,0.000000,54
33,4401.000000,0.000000,-1,151.000000,78,64,5000.000000,612.208874,4402.000000,6,31.201993,1,32.6515,2002.000000,119.000000,6.965205,0.000000,63
40,4415.000000,0.000000,-1,142.000000,60,73,4090.000000,1352.457567,4416.000000,7,36.060556,1,35.6756,1403.000000,129.000000,4.858563,0.000000,72
46,3844.000000,0.000000,-1,259.000000,60,82,4979.000000,1416.674487,3846.000000,8,40.539543,1,39.1901,953.000000,134.000000,4.478987,0.000000,81
52,5265.000000,0.000000,-1,219.000000,99,91,5000.000000,1092.098235,5266.000000,9,49.592412,1,43.7685,1353.000000,134.000000,9.052869,0.000000,90
59,3854.000000,0.000000,-1,498.000000,56,100,4202.000000,866.760426,3857.000000,10,55.134210,1,48.6164,1653.000000,139.000000,5.541798,0.000000,99
65,3399.000000,0.000000,-1,257.000000,53,109,4865.000000,1082.574718,3401.000000,11,59.556261,1,53.1103,1353.000000,147.000000,4.422051,0.000000,108
70,5936.000000,0.000000,-1,265.000000,90,118,5000.000000,1052.241857,5938.000000,12,61.833713,1,57.8621,1453.000000,144.000000,2.277451,0.000000,117
78,4827.000000,0.000000,-1,203.000000,78,127,4420.000000,796.990529,4828.000000,13,67.128787,1,63.408,1552.000000,132.000000,5.295074,0.000000,126
85,4897.000000,0.000000,-1,231.000000,61,136,3097.000000,1037.845040,4899.000000,14,70.165389,1,66.392,1053.000000,140.000000,3.036602,0.000000,135
91,3614.000000,0.000000,-1,229.000000,54,145,4289.000000,1027.459863,3616.000000,15,70.431091,1,70.5664,1452.000000,134.000000,0.265703,0.000000,144
97,6083.000000,0.000000,-1,326.000000,81,154,2489.000000,820.877617,6085.000000,16,71.550838,1,73.5985,1052.000000,133.000000,1.119747,0.000000,153
104,3704.000000,0.000000,-1,282.000000,44,163,4714.000000,456.951143,3708.000000,17,73.809311,1,83.9147,2454.000000,139.000000,2.258472,0.000000,162
111,4550.000000,0.000000,-1,428.000000,64,172,955.000000,282.580544,4554.000000,18,74.056034,1,87.2943,1203.000000,161.000000,0.246724,0.000000,171
118,4926.000000,0.000000,-1,317.000000,59,181,3813.000000,539.117671,4928.000000,19,74.891100,1,94.367,1602.000000,154.000000,0.835065,0.000000,180
125,3777.000000,0.000000,-1,306.000000,53,190,895.000000,238.367565,3779.000000,20,74.967015,1,98.1217,1252.000000,146.000000,0.075915,0.000000,189
130,3458.000000,0.000000,-1,410.000000,45,199,2974.000000,314.638475,3461.000000,21,76.599188,1,107.574,1552.000000,146.000000,1.632173,0.000000,198
136,4123.000000,0.000000,-1,304.000000,52,208,3240.000000,649.421852,4125.000000,22,77.813829,1,112.563,1352.000000,145.000000,1.214641,0.000000,207
142,3319.000000,0.000000,-1,338.000000,40,217,1160.000000,158.220132,3323.000000,23,78.174425,1,119.894,1702.000000,150.000000,0.360596,0.000000,216
148,3345.000000,0.000000,-1,304.000000,43,226,1472.000000,243.253474,3347.000000,24,78.288298,1,125.946,1603.000000,140.000000,0.113873,0.000000,225
153,2525.000000,0.000000,-1,354.000000,33,235,1823.000000,363.989297,2529.000000,25,80.622686,1,130.954,1453.000000,149.000000,2.334388,0.000000,234
158,3707.000000,0.000000,-1,294.000000,45,244,1243.000000,227.218507,3710.000000,26,82.805243,1,136.425,1403.000000,142.000000,2.182557,0.000000,243
163,3475.000000,0.000000,-1,681.000000,49,253,457.000000,205.567951,3480.000000,27,82.995031,1,138.648,902.000000,156.000000,0.189788,0.000000,252
168,5914.000000,0.000000,-1,347.000000,78,262,322.000000,85.318530,5917.000000,28,83.374606,1,142.422,1103.000000,145.000000,0.379575,0.000000,261
176,3214.000000,0.000000,-1,537.000000,37,271,799.000000,145.841698,3218.000000,29,84.076820,1,147.9,1553.000000,155.000000,0.702214,0.000000,270
181,3549.000000,0.000000,-1,381.000000,56,280,934.000000,138.135817,3552.000000,30,84.456395,1,154.662,2052.000000,146.000000,0.379575,0.000000,279
188,12051.000000,0.000000,-1,535.000000,138,289,1391.000000,78.001573,12055.000000,31,84.892907,1,172.495,3953.000000,146.000000,0.436511,0.000000,288
205,4051.000000,0.000000,-1,387.000000,42,298,1059.000000,74.885300,4055.000000,32,85.158609,1,186.636,4153.000000,157.000000,0.265703,0.000000,297
213,3852.000000,0.000000,-1,384.000000,46,307,315.000000,62.918233,3856.000000,33,85.253503,1,191.643,1452.000000,163.000000,0.094894,0.000000,306
220,8212.000000,0.000000,-1,400.000000,90,316,1292.000000,256.381773,8216.000000,34,85.462269,1,196.682,1353.000000,163.000000,0.208766,0.000000,315
230,6920.000000,0.000000,-1,819.000000,82,325,231.000000,60.928767,6925.000000,35,85.576142,1,200.474,1303.000000,162.000000,0.113873,0.000000,324
239,4017.000000,0.000000,-1,679.000000,43,334,410.000000,16.738066,4022.000000,36,85.633078,1,224.969,4653.000000,152.000000,0.056936,0.000000,333
249,4403.000000,0.000000,-1,698.000000,51,343,107.000000,43.062429,4408.000000,37,85.917760,1,227.453,1203.000000,159.000000,0.284681,0.000000,342
255,5172.000000,0.000000,-1,564.000000,63,352,304.000000,50.307030,5176.000000,38,85.917760,1,233.496,2002.000000,156.000000,0.000000,0.000000,351
263,5345.000000,0.000000,-1,461.000000,60,361,487.000000,218.756820,5350.000000,39,86.202441,1,235.723,1202.000000,161.000000,0.284681,0.000000,360
270,5191.000000,0.000000,-1,803.000000,67,370,123.000000,6.644264,5196.000000,40,86.202441,1,254.235,3652.000000,158.000000,0.000000,0.000000,369
280,5634.000000,0.000000,-1,423.000000,64,379,918.000000,77.012852,5639.000000,41,86.240399,1,266.155,2452.000000,163.000000,0.037958,0.000000,378
288,4998.000000,0.000000,-1,727.000000,67,388,253.000000,21.375953,5003.000000,42,86.563038,1,277.991,2803.000000,158.000000,0.322639,0.000000,387
297,4644.000000,0.000000,-1,738.000000,54,397,62.000000,7.372492,4649.000000,43,86.582016,1,286.4,2252.000000,161.000000,0.018979,0.000000,396
305,4510.000000,0.000000,-1,425.000000,60,406,52.000000,12.369554,4514.000000,44,86.638953,1,290.604,1553.000000,164.000000,0.056936,0.000000,405
312,4804.000000,0.000000,-1,614.000000,57,415,4.000000,5.738164,4812.000000,45,86.638953,1,291.301,552.000000,168.000000,0.000000,0.000000,414
318,4060.000000,0.000000,-1,611.000000,47,424,4349.000000,111.844131,4065.000000,46,87.986445,1,330.186,8303.000000,167.000000,1.347492,0.000000,423
331,2690.000000,0.000000,-1,475.000000,30,433,0.000000,0.000000,2695.000000,47,87.986445,1,330.186,-1,-1,0.000000,0.000000,432
334,3275.000000,0.000000,-1,591.000000,41,442,0.000000,0.000000,3281.000000,48,87.986445,1,330.186,-1,-1,0.000000,0.000000,441
337,4890.000000,0.000000,-1,589.000000,54,451,0.000000,0.000000,4896.000000,49,87.986445,1,330.186,-1,-1,0.000000,0.000000,450
342,4440.000000,0.000000,-1,526.000000,49,460,79.000000,9.288060,4446.000000,50,88.176232,1,338.691,1753.000000,169.000000,0.189788,0.000000,459
349,2109.000000,0.000000,-1,717.000000,22,469,470.000000,66.494213,2116.000000,51,88.271126,1,345.759,1603.000000,165.000000,0.094894,0.000000,468
353,3379.000000,0.000000,-1,670.000000,42,478,0.000000,0.000000,3385.000000,52,88.271126,1,345.759,-1,-1,0.000000,0.000000,477
357,2125.000000,0.000000,-1,550.000000,26,487,4452.000000,430.906823,2131.000000,53,90.928152,1,356.091,3153.000000,167.000000,2.657026,0.000000,486
363,3599.000000,0.000000,-1,545.000000,45,496,0.000000,0.000000,3605.000000,54,90.928152,1,356.091,-1,-1,0.000000,0.000000,495
366,4217.000000,0.000000,-1,707.000000,52,505,1188.000000,78.834800,4224.000000,55,91.136919,1,371.161,3703.000000,168.000000,0.208766,0.000000,504
375,3394.000000,0.000000,-1,653.000000,29,514,0.000000,0.000000,3402.000000,56,91.136919,1,371.161,-1,-1,0.000000,0.000000,513
378,4253.000000,0.000000,-1,535.000000,47,523,13.000000,2.364143,4260.000000,57,91.136919,1,376.659,1453.000000,162.000000,0.000000,0.000000,522
385,4972.000000,0.000000,-1,663.000000,51,532,0.000000,0.000000,4981.000000,58,91.136919,1,376.659,-1,-1,0.000000,0.000000,531
390,3602.000000,0.000000,-1,531.000000,34,541,3243.000000,226.684912,3608.000000,59,91.174876,1,390.966,3303.000000,165.000000,0.037958,0.000000,540
398,4008.000000,0.000000,-1,932.000000,41,550,627.000000,31.434446,4016.000000,60,91.364664,1,410.912,4653.000000,158.000000,0.189788,0.000000,549
407,2795.000000,0.000000,-1,605.000000,31,559,0.000000,0.000000,2803.000000,61,91.364664,1,410.912,-1,-1,0.000000,0.000000,558
410,3498.000000,0.000000,-1,493.000000,44,568,0.000000,0.000000,3503.000000,62,91.364664,1,410.912,-1,-1,0.000000,0.000000,567
413,4592.000000,0.000000,-1,656.000000,53,577,34.000000,1.908207,4600.000000,63,91.421600,1,428.73,3304.000000,162.000000,0.056936,0.000000,576
422,2624.000000,0.000000,-1,1337.000000,29,586,0.000000,0.000000,2638.000000,64,91.421600,1,428.73,-1,-1,0.000000,0.000000,585
425,3822.000000,0.000000,-1,807.000000,48,595,0.000000,0.000000,3832.000000,65,91.421600,1,428.73,-1,-1,0.000000,0.000000,594
429,3889.000000,0.000000,-1,696.000000,44,604,0.000000,0.000000,3897.000000,66,91.421600,1,428.73,-1,-1,0.000000,0.000000,603
432,2621.000000,0.000000,-1,655.000000,29,613,183.000000,22.068836,2629.000000,67,91.478537,1,437.022,1503.000000,159.000000,0.056936,0.000000,612
437,3578.000000,0.000000,-1,619.000000,43,622,0.000000,0.000000,3585.000000,68,91.478537,1,437.022,-1,-1,0.000000,0.000000,621
441,3818.000000,0.000000,-1,837.000000,38,631,0.000000,0.000000,3826.000000,69,91.478537,1,437.022,-1,-1,0.000000,0.000000,630
445,4182.000000,0.000000,-1,781.000000,44,640,0.000000,0.000000,4191.000000,70,91.478537,1,437.022,-1,-1,0.000000,0.000000,639
449,2848.000000,0.000000,-1,804.000000,31,649,0.000000,0.000000,2857.000000,71,91.478537,1,437.022,-1,-1,0.000000,0.000000,648
452,2837.000000,0.000000,-1,1054.000000,31,658,4721.000000,993.092453,2846.000000,72,92.123814,1,441.776,1202.000000,164.000000,0.645278,0.000000,657
