Time,GenerateTime,EvalTime,EvalAvgTime,SelectTime,Attempts,Candidates,EstimatedGain,UtilityScore,NBVTime,Iteration,Progress,Planner,TrajectoryLength,MoveTime,MapUpdateTime,Gain,ClusterTime,NbvMemory
0,1831.000000,0.000000,-1,366.000000,32,10,4985.000000,875.120015,1831.000000,0,10.818804,1,3.69636,1503.000000,117.000000,2.429281,0.000000,9
4,2276.000000,0.000000,-1,114.000000,40,19,4243.000000,1215.989529,2276.000000,1,15.848176,1,7.1857,1102.000000,125.000000,5.029372,0.000000,18
8,4418.000000,0.000000,-1,140.000000,64,28,5000.000000,1641.279021,4418.000000,2,20.858569,1,10.2321,1003.000000,125.000000,5.010393,0.000000,27
13,3484.000000,0.000000,-1,133.000000,69,37,3793.000000,1432.683181,3484.000000,3,22.984190,1,12.8796,1152.000000,118.000000,2.125621,0.000000,36
18,4304.000000,0.000000,-1,224.000000,60,46,5000.000000,1031.860043,4304.000000,4,27.083602,1,17.7252,1553.000000,119.000000,4.099412,0.000000,45
24,6352.000000,0.000000,-1,283.000000,108,55,5000.000000,1035.855697,6353.000000,5,35.168554,1,22.5521,1902.000000,123.000000,8.084952,0.000000,54
33,3951.000000,0.000000,-1,150.000000,61,64,4988.000000,955.822533,3952.000000,6,41.469503,1,27.7707,1202.000000,130.000000,6.300948,0.000000,63
39,4646.000000,0.000000,-1,173.000000,74,73,5000.000000,1258.304131,4647.000000,7,43.974699,1,31.7443,1202.000000,123.000000,2.505196,0.000000,72
45,8132.000000,0.000000,-1,245.000000,112,82,3295.000000,690.809118,8134.000000,8,50.104839,1,36.514,1053.000000,123.000000,6.130140,0.000000,81
54,4016.000000,0.000000,-1,167.000000,46,91,2487.000000,362.734729,4018.000000,9,51.300501,1,43.3703,1502.000000,126.000000,1.195662,0.000000,90
60,6470.000000,0.000000,-1,208.000000,90,100,4752.000000,1029.912092,6471.000000,10,53.767739,1,47.9843,1352.000000,129.000000,2.467239,0.000000,99
69,4639.000000,0.000000,-1,316.000000,65,109,5000.000000,595.403079,4641.000000,11,57.791237,1,56.382,2303.000000,133.000000,4.023497,0.000000,108
76,9071.000000,0.000000,-1,265.000000,144,118,2700.000000,388.750788,9073.000000,12,59.005877,1,63.3273,1702.000000,140.000000,1.214641,0.000000,117
88,7443.000000,0.000000,-1,318.000000,102,127,3702.000000,789.218588,7445.000000,13,59.480346,1,68.018,1103.000000,140.000000,0.474469,0.000000,126
97,9229.000000,0.000000,-1,395.000000,127,136,3596.000000,731.018114,9231.000000,14,59.708091,1,72.9372,1253.000000,131.000000,0.227745,0.000000,135
107,9020.000000,0.000000,-1,233.000000,137,145,3251.000000,1233.967783,9022.000000,15,62.175330,1,75.5717,1152.000000,134.000000,2.467239,0.000000,144
118,9191.000000,0.000000,-1,288.000000,128,154,3329.000000,903.939983,9193.000000,16,64.414824,1,79.2545,1053.000000,136.000000,2.239494,0.000000,153
129,13614.000000,0.000000,-1,404.000000,184,163,4008.000000,811.629258,13617.000000,17,70.772709,1,84.1927,1802.000000,140.000000,6.357885,0.000000,162
145,6705.000000,0.000000,-1,353.000000,109,172,3436.000000,371.228932,6707.000000,18,70.905560,1,93.4485,2202.000000,143.000000,0.132851,0.000000,171
154,26945.000000,0.000000,-1,747.000000,373,181,2153.000000,215.737301,26948.000000,19,72.822415,1,103.428,2752.000000,148.000000,1.916855,0.000000,180
185,4709.000000,0.000000,-1,633.000000,62,190,4458.000000,942.782072,4712.000000,20,75.080887,1,108.157,1503.000000,150.000000,2.258472,0.000000,189
191,3639.000000,0.000000,-1,263.000000,59,199,964.000000,169.651102,3641.000000,21,75.346590,1,113.839,1903.000000,146.000000,0.265703,0.000000,198
198,5362.000000,0.000000,-1,307.000000,66,208,2177.000000,288.165592,5367.000000,22,76.200634,1,121.394,1703.000000,150.000000,0.854044,0.000000,207
205,5430.000000,0.000000,-1,339.000000,60,217,1148.000000,228.053946,5435.000000,23,76.732040,1,126.428,1203.000000,149.000000,0.531405,0.000000,216
213,7839.000000,0.000000,-1,298.000000,115,226,2664.000000,418.408908,7843.000000,24,78.572979,1,132.795,1452.000000,161.000000,1.840940,0.000000,225
223,8677.000000,0.000000,-1,828.000000,109,235,1402.000000,151.758316,8682.000000,25,78.648894,1,142.033,1702.000000,152.000000,0.075915,0.000000,234
234,3628.000000,0.000000,-1,412.000000,62,244,2679.000000,729.325881,3632.000000,26,79.313151,1,145.706,1253.000000,151.000000,0.664257,0.000000,243
240,6069.000000,0.000000,-1,363.000000,78,253,1728.000000,409.659934,6073.000000,27,79.958429,1,149.924,1153.000000,155.000000,0.645278,0.000000,252
248,7261.000000,0.000000,-1,311.000000,91,262,1703.000000,239.400809,7265.000000,28,81.173070,1,157.038,1653.000000,154.000000,1.214641,0.000000,261
257,6106.000000,0.000000,-1,397.000000,64,271,952.000000,415.654861,6111.000000,29,81.875284,1,159.328,1152.000000,156.000000,0.702214,0.000000,270
265,7168.000000,0.000000,-1,326.000000,88,280,4943.000000,661.400425,7171.000000,30,86.335292,1,166.802,2053.000000,159.000000,4.460009,0.000000,279
275,5091.000000,0.000000,-1,448.000000,56,289,1111.000000,101.349445,5095.000000,31,86.885677,1,177.764,2803.000000,153.000000,0.550384,0.000000,288
284,2920.000000,0.000000,-1,692.000000,29,298,2101.000000,123.208177,2925.000000,32,87.455039,1,194.816,4353.000000,155.000000,0.569363,0.000000,297
292,11288.000000,0.000000,-1,507.000000,121,307,320.000000,51.901341,11292.000000,33,87.663806,1,200.982,1253.000000,157.000000,0.208766,0.000000,306
305,4356.000000,0.000000,-1,820.000000,43,316,1488.000000,90.201269,4360.000000,34,88.157253,1,217.478,3652.000000,160.000000,0.493448,0.000000,315
314,5208.000000,0.000000,-1,426.000000,57,325,68.000000,2.728959,5212.000000,35,88.176232,1,242.396,4752.000000,158.000000,0.018979,0.000000,324
324,4874.000000,0.000000,-1,359.000000,54,334,1016.000000,122.579189,4878.000000,36,88.214190,1,250.685,2253.000000,159.000000,0.037958,0.000000,333
332,6579.000000,0.000000,-1,621.000000,77,343,635.000000,55.156986,6585.000000,37,88.384999,1,262.197,2953.000000,162.000000,0.170809,0.000000,342
343,2688.000000,0.000000,-1,431.000000,27,352,92.000000,9.027260,2693.000000,38,88.422956,1,272.389,2852.000000,158.000000,0.037958,0.000000,351
349,4820.000000,0.000000,-1,510.000000,50,361,620.000000,132.106133,4825.000000,39,88.441935,1,277.082,1153.000000,162.000000,0.018979,0.000000,360
356,3152.000000,0.000000,-1,450.000000,40,370,290.000000,82.915304,3157.000000,40,88.517850,1,280.579,1052.000000,164.000000,0.075915,0.000000,369
361,2828.000000,0.000000,-1,443.000000,32,379,124.000000,26.503201,2832.000000,41,88.536829,1,285.258,1303.000000,164.000000,0.018979,0.000000,378
366,2730.000000,0.000000,-1,718.000000,40,388,201.000000,50.430299,2737.000000,42,88.555807,1,289.244,1353.000000,165.000000,0.018979,0.000000,387
371,6577.000000,0.000000,-1,662.000000,78,397,69.000000,5.744432,6584.000000,43,88.593765,1,301.255,3253.000000,167.000000,0.037958,0.000000,396
382,2771.000000,0.000000,-1,486.000000,33,406,182.000000,55.966343,2777.000000,44,88.612744,1,304.507,1252.000000,172.000000,0.018979,0.000000,405
387,4446.000000,0.000000,-1,1145.000000,42,415,717.000000,94.621490,4455.000000,45,88.992319,1,312.085,1503.000000,170.000000,0.379575,0.000000,414
393,5088.000000,0.000000,-1,824.000000,59,424,12.000000,0.850815,5095.000000,46,89.030276,1,326.189,2603.000000,172.000000,0.037958,0.000000,423
402,5530.000000,0.000000,-1,665.000000,59,433,1702.000000,63.049908,5537.000000,47,89.220064,1,353.184,5802.000000,168.000000,0.189788,0.000000,432
414,4106.000000,0.000000,-1,492.000000,50,442,174.000000,22.127452,4111.000000,48,89.295979,1,361.047,1653.000000,175.000000,0.075915,0.000000,441
421,3286.000000,0.000000,-1,810.000000,40,451,34.000000,5.084605,3292.000000,49,89.295979,1,367.734,1404.000000,170.000000,0.000000,0.000000,450
426,2404.000000,0.000000,-1,671.000000,30,460,0.000000,0.000000,2412.000000,50,89.295979,1,367.734,-1,-1,0.000000,0.000000,459
429,3681.000000,0.000000,-1,633.000000,38,469,0.000000,0.000000,3688.000000,51,89.295979,1,367.734,-1,-1,0.000000,0.000000,468
433,5107.000000,0.000000,-1,743.000000,60,478,0.000000,0.000000,5114.000000,52,89.295979,1,367.734,-1,-1,0.000000,0.000000,477
438,2673.000000,0.000000,-1,506.000000,35,487,3734.000000,754.342749,2680.000000,53,91.174876,1,372.684,1452.000000,176.000000,1.878897,0.000000,486
443,3845.000000,0.000000,-1,606.000000,42,496,0.000000,0.000000,3852.000000,54,91.174876,1,372.684,-1,-1,0.000000,0.000000,495
446,2453.000000,0.000000,-1,678.000000,25,505,15.000000,1.890326,2461.000000,55,91.174876,1,380.619,1652.000000,168.000000,0.000000,0.000000,504
451,4151.000000,0.000000,-1,1038.000000,44,514,23.000000,1.138127,4158.000000,56,91.174876,1,400.828,3903.000000,171.000000,0.000000,0.000000,513
460,4202.000000,0.000000,-1,883.000000,44,523,0.000000,0.000000,4209.000000,57,91.174876,1,400.828,-1,-1,0.000000,0.000000,522
465,6884.000000,0.000000,-1,782.000000,71,532,0.000000,0.000000,6891.000000,58,91.174876,1,400.828,-1,-1,0.000000,0.000000,531
472,6990.000000,0.000000,-1,618.000000,80,541,882.000000,147.959069,6997.000000,59,91.421600,1,406.789,1153.000000,171.000000,0.246724,0.000000,540
480,3609.000000,0.000000,-1,897.000000,38,550,0.000000,0.000000,3617.000000,60,91.421600,1,406.789,-1,-1,0.000000,0.000000,549
484,3684.000000,0.000000,-1,609.000000,40,559,37.000000,8.201493,3695.000000,61,91.478537,1,411.3,1252.000000,167.000000,0.056936,0.000000,558
490,4578.000000,0.000000,-1,712.000000,46,568,0.000000,0.000000,4585.000000,62,91.478537,1,411.3,-1,-1,0.000000,0.000000,567
494,5851.000000,0.000000,-1,683.000000,65,577,10.000000,0.792214,5860.000000,63,91.497515,1,423.923,3552.000000,165.000000,0.018979,0.000000,576
505,1866.000000,0.000000,-1,741.000000,18,586,5.000000,0.238892,1874.000000,64,91.516494,1,444.853,4003.000000,174.000000,0.018979,0.000000,585
511,5549.000000,0.000000,-1,742.000000,63,595,0.000000,0.000000,5558.000000,65,91.516494,1,444.853,-1,-1,0.000000,0.000000,594
517,4580.000000,0.000000,-1,672.000000,46,604,11.000000,0.349110,4588.000000,66,91.516494,1,476.362,6554.000000,167.000000,0.000000,0.000000,603
529,7811.000000,0.000000,-1,713.000000,82,613,0.000000,0.000000,7820.000000,67,91.516494,1,476.362,-1,-1,0.000000,0.000000,612
537,5295.000000,0.000000,-1,633.000000,57,622,0.000000,0.000000,5303.000000,68,91.516494,1,476.362,-1,-1,0.000000,0.000000,621
542,6787.000000,0.000000,-1,833.000000,71,631,0.000000,0.000000,6796.000000,69,91.516494,1,476.362,-1,-1,0.000000,0.000000,630
549,5041.000000,0.000000,-1,818.000000,49,640,2331.000000,93.933523,5049.000000,70,91.801175,1,501.177,4653.000000,166.000000,0.284681,0.000000,639
559,4155.000000,0.000000,-1,821.000000,42,649,0.000000,0.000000,4166.000000,71,91.801175,1,501.177,-1,-1,0.000000,0.000000,648
563,3172.000000,0.000000,-1,881.000000,37,658,0.000000,0.000000,3182.000000,72,91.801175,1,501.177,-1,-1,0.000000,0.000000,657
567,3887.000000,0.000000,-1,900.000000,46,667,0.000000,0.000000,3896.000000,73,91.801175,1,501.177,-1,-1,0.000000,0.000000,666
570,2893.000000,0.000000,-1,1109.000000,32,676,0.000000,0.000000,2904.000000,74,91.801175,1,501.177,-1,-1,0.000000,0.000000,675
573,4345.000000,0.000000,-1,1120.000000,45,685,0.000000,0.000000,4353.000000,75,91.801175,1,501.177,-1,-1,0.000000,0.000000,684
578,3954.000000,0.000000,-1,776.000000,36,694,14.000000,0.980409,3963.000000,76,91.801175,1,515.457,2203.000000,172.000000,0.000000,0.000000,693
585,3146.000000,0.000000,-1,770.000000,38,703,0.000000,0.000000,3156.000000,77,91.801175,1,515.457,-1,-1,0.000000,0.000000,702
588,4107.000000,0.000000,-1,777.000000,46,712,2393.000000,133.207086,4117.000000,78,92.446453,1,533.421,4152.000000,175.000000,0.645278,0.000000,711
