Time,GenerateTime,EvalTime,EvalAvgTime,SelectTime,Attempts,Candidates,EstimatedGain,UtilityScore,NBVTime,Iteration,Progress,Planner,TrajectoryLength,MoveTime,MapUpdateTime,Gain,ClusterTime,NbvMemory
0,1170.000000,222.000000,21.700000,0.000000,26,10,5000.000000,1169.017855,1393.000000,0,10.154548,1,2.27709,1503.000000,120.000000,1.765025,-1,0
3,5662.000000,214.000000,20.900000,0.000000,95,10,5000.000000,1009.345918,5877.000000,1,10.837783,1,7.2308,1403.000000,118.000000,0.683235,-1,0
11,3457.000000,196.000000,19.100000,0.000000,59,10,5000.000000,1067.718333,3654.000000,2,11.919573,1,11.9137,1652.000000,104.000000,1.081789,-1,0
16,3006.000000,154.000000,14.900000,0.000000,66,10,5000.000000,1205.337734,3161.000000,3,14.576599,1,16.0619,1752.000000,105.000000,2.657026,-1,0
22,3730.000000,174.000000,17.000000,0.000000,75,10,3851.000000,1003.762703,3905.000000,4,15.297792,1,19.8985,1302.000000,112.000000,0.721193,-1,0
27,5167.000000,185.000000,18.200000,0.000000,83,10,3644.000000,823.591144,5353.000000,5,19.093544,1,24.323,1702.000000,107.000000,3.795752,-1,0
35,6153.000000,179.000000,17.400000,0.000000,99,10,5000.000000,910.019471,6333.000000,6,19.340268,1,29.8174,1702.000000,110.000000,0.246724,-1,0
43,4698.000000,210.000000,20.600000,0.000000,68,10,5000.000000,961.628199,4909.000000,7,25.944877,1,35.0169,1202.000000,109.000000,6.604609,-1,0
50,2126.000000,199.000000,19.500000,0.000000,40,10,5000.000000,587.322671,2326.000000,8,32.473570,1,43.5301,2052.000000,109.000000,6.528694,-1,0
54,9452.000000,217.000000,21.300000,0.000000,136,10,4920.000000,2420.550680,9670.000000,9,45.265255,1,45.5627,1051.000000,111.000000,12.791685,-1,0
65,3601.000000,206.000000,20.100000,0.000000,60,10,4235.000000,627.370447,3807.000000,10,47.049258,1,52.3131,1852.000000,113.000000,1.784003,-1,0
71,4083.000000,205.000000,20.200000,0.000000,69,10,5000.000000,1235.791606,4289.000000,11,48.567559,1,56.3591,1302.000000,112.000000,1.518301,-1,0
77,3982.000000,210.000000,20.500000,0.000000,66,10,1293.000000,261.045607,4192.000000,12,48.966113,1,61.3122,1552.000000,114.000000,0.398554,-1,0
84,1512.000000,202.000000,19.500000,0.000000,23,10,2298.000000,482.107182,1715.000000,13,49.744242,1,66.0788,1702.000000,119.000000,0.778129,-1,0
88,5233.000000,190.000000,18.400000,0.000000,68,10,3669.000000,706.619038,5424.000000,14,51.452331,1,71.2711,1252.000000,116.000000,1.708088,-1,0
95,6202.000000,201.000000,19.500000,0.000000,85,10,1433.000000,376.386019,6403.000000,15,51.680076,1,75.0784,1052.000000,120.000000,0.227745,-1,0
103,2975.000000,209.000000,20.500000,0.000000,48,10,4587.000000,787.337365,3185.000000,16,52.230460,1,80.9044,1352.000000,121.000000,0.550384,-1,0
107,2924.000000,203.000000,19.800000,0.000000,39,10,2644.000000,577.639277,3128.000000,17,54.621784,1,85.4816,1202.000000,121.000000,2.391324,-1,0
112,3355.000000,199.000000,19.500000,0.000000,46,10,4969.000000,966.713986,3555.000000,18,60.808860,1,90.6217,1602.000000,124.000000,6.187076,-1,0
118,3395.000000,205.000000,20.000000,0.000000,53,10,2710.000000,607.617923,3601.000000,19,65.553550,1,95.0818,1402.000000,128.000000,4.744690,-1,0
124,4521.000000,219.000000,21.300000,0.000000,74,10,4808.000000,993.182295,4740.000000,20,70.450070,1,99.9228,1102.000000,128.000000,4.896520,-1,0
130,2900.000000,229.000000,22.400000,0.000000,45,10,1499.000000,329.265603,3130.000000,21,71.171263,1,104.475,1352.000000,131.000000,0.721193,-1,0
135,3455.000000,199.000000,19.500000,0.000000,58,10,3382.000000,566.372081,3655.000000,22,77.244466,1,110.447,1752.000000,134.000000,6.073203,-1,0
141,2551.000000,227.000000,22.300000,0.000000,42,10,1267.000000,285.855068,2780.000000,23,77.832808,1,114.879,1452.000000,133.000000,0.588342,-1,0
146,3504.000000,229.000000,22.400000,0.000000,52,10,1331.000000,225.227537,3734.000000,24,78.155447,1,120.789,1702.000000,133.000000,0.322639,-1,0
152,2610.000000,250.000000,24.400000,0.000000,46,10,1565.000000,274.482559,2861.000000,25,79.275194,1,126.49,1502.000000,134.000000,1.119747,-1,0
157,3439.000000,216.000000,21.100000,0.000000,47,10,2951.000000,703.750299,3655.000000,26,81.400815,1,130.683,1452.000000,139.000000,2.125621,-1,0
163,3341.000000,206.000000,20.100000,0.000000,52,10,640.000000,182.013918,3548.000000,27,81.438772,1,134.2,1552.000000,136.000000,0.037958,-1,0
169,2486.000000,206.000000,20.100000,0.000000,33,10,4182.000000,275.833604,2692.000000,28,83.849075,1,149.361,3652.000000,133.000000,2.410303,-1,0
175,4770.000000,226.000000,22.100000,0.000000,72,10,1627.000000,464.311827,4997.000000,29,84.741077,1,152.865,903.000000,133.000000,0.892002,-1,0
182,3837.000000,232.000000,22.800000,0.000000,62,10,1370.000000,201.905472,4069.000000,30,84.911885,1,159.65,1852.000000,137.000000,0.170809,-1,0
189,5035.000000,230.000000,22.500000,0.000000,75,10,918.000000,465.940807,5266.000000,31,85.291461,1,161.621,803.000000,143.000000,0.379575,-1,0
196,4421.000000,235.000000,22.900000,0.000000,59,10,263.000000,18.695043,4657.000000,32,85.652057,1,175.689,3102.000000,142.000000,0.360596,-1,0
204,2877.000000,253.000000,24.800000,0.000000,40,10,760.000000,137.099725,3131.000000,33,86.259377,1,181.232,1701.000000,145.000000,0.607320,-1,0
209,4139.000000,258.000000,25.300000,0.000000,54,10,505.000000,100.982976,4398.000000,34,86.733846,1,186.233,1402.000000,142.000000,0.474469,-1,0
216,3077.000000,187.000000,18.200000,0.000000,43,10,128.000000,16.694435,3265.000000,35,86.752825,1,193.9,1552.000000,142.000000,0.018979,-1,0
221,4384.000000,218.000000,21.200000,0.000000,58,10,274.000000,25.660954,4603.000000,36,87.151379,1,204.578,1903.000000,146.000000,0.398554,-1,0
229,4152.000000,232.000000,22.800000,0.000000,55,10,4143.000000,190.915277,4385.000000,37,90.017172,1,226.278,4802.000000,142.000000,2.865793,-1,0
238,4628.000000,214.000000,21.000000,0.000000,52,10,574.000000,114.569952,4843.000000,38,90.055130,1,231.288,1502.000000,142.000000,0.037958,-1,0
245,4537.000000,222.000000,21.500000,0.000000,51,10,258.000000,13.631615,4759.000000,39,90.150023,1,250.215,4852.000000,144.000000,0.094894,-1,0
256,3085.000000,244.000000,24.000000,0.000000,33,10,486.000000,46.406594,3330.000000,40,90.206960,1,260.688,2552.000000,144.000000,0.056936,-1,0
262,4324.000000,248.000000,24.300000,0.000000,54,10,2493.000000,194.379259,4573.000000,41,90.757344,1,273.513,2603.000000,145.000000,0.550384,-1,0
270,3066.000000,204.000000,20.000000,0.000000,35,10,174.000000,7.407938,3271.000000,42,90.852237,1,297.001,6453.000000,145.000000,0.094894,-1,0
281,4521.000000,220.000000,21.500000,0.000000,52,10,311.000000,50.630296,4742.000000,43,90.890195,1,303.144,1753.000000,146.000000,0.037958,-1,0
288,5286.000000,220.000000,21.600000,0.000000,65,10,774.000000,114.439005,5507.000000,44,91.174876,1,309.907,1802.000000,152.000000,0.284681,-1,0
296,4688.000000,190.000000,18.500000,0.000000,54,10,47.000000,7.100978,4879.000000,45,91.193855,1,316.526,1902.000000,147.000000,0.018979,-1,0
304,6911.000000,229.000000,22.200000,0.000000,68,10,45.000000,1.628133,7141.000000,46,91.326706,1,344.165,6402.000000,150.000000,0.132851,-1,0
318,6792.000000,189.000000,18.400000,0.000000,78,10,7.000000,1.563845,6982.000000,47,91.725260,1,348.641,1352.000000,151.000000,0.398554,-1,0
327,3474.000000,235.000000,23.100000,0.000000,35,10,12.000000,1.603564,3710.000000,48,91.744239,1,356.125,1502.000000,149.000000,0.018979,-1,0
333,4592.000000,216.000000,21.200000,0.000000,53,10,0.000000,0.000000,4809.000000,49,91.744239,1,356.125,-1,-1,0.000000,-1,0
338,3404.000000,219.000000,21.400000,0.000000,36,10,0.000000,0.000000,3623.000000,50,91.744239,1,356.125,-1,-1,0.000000,-1,0
341,2601.000000,230.000000,22.400000,0.000000,30,10,0.000000,0.000000,2831.000000,51,91.744239,1,356.125,-1,-1,0.000000,-1,0
344,3826.000000,238.000000,23.200000,0.000000,39,10,0.000000,0.000000,4065.000000,52,91.744239,1,356.125,-1,-1,0.000000,-1,0
348,3395.000000,222.000000,21.700000,0.000000,46,10,93.000000,4.307988,3618.000000,53,91.820154,1,377.713,4852.000000,148.000000,0.075915,-1,0
357,2807.000000,245.000000,24.000000,0.000000,36,10,207.000000,10.476031,3053.000000,54,92.161772,1,397.472,4302.000000,148.000000,0.341618,-1,0
